-7 16 T 90
-2 22 T 0
-5 19 H 180
1 26 T 0
-1 18 T 90
-1 27 H 90
0 18 H 180
7 21 H 0
6 15 T 270
0 22 T 180
8 13 T 180
0 15 H 270
-2 15 H 90
5 9 H 270
2 10 T 270
10 22 H 270
-5 13 H 90
-4 11 T 90
5 5 T 270
-3 13 H 180
5 18 T 90
-2 16 H 180
-4 6 H 180
2 2 T 90
13 16 T 180
13 23 T 270
-4 7 H 180
4 4 T 90
6 6 T 180
10 11 H 90
11 10 T 180
14 13 T 180
12 19 T 0
14 19 T 180
4 14 T 0
16 14 H 180
-5 8 H 180
8 16 H 180
-6 8 H 180
2 5 H 180
0 11 T 270
14 22 T 180
21 14 T 180
25 14 H 270
20 11 T 180
16 9 T 270
17 8 T 270
12 11 T 90
14 6 T 90
23 22 H 0
10 12 T 180
18 6 H 0
4 4 T 90
14 2 H 270
13 2 T 270
9 18 H 180
6 2 T 0
21 8 H 90
24 8 T 90
2 4 H 180
17 10 H 90
15 15 H 180
5 12 H 180
22 3 T 90
13 8 T 90
5 22 H 180
3 4 T 0
24 0 H 90
16 3 H 0
16 1 H 0
24 22 T 90
20 23 T 270
22 20 T 180
21 27 T 0
20 8 H 180
12 23 T 90
10 0 H 0
10 24 H 180
1 2 H 270
11 -7 T 90
21 9 T 180
4 1 H 0
7 8 T 0
20 0 H 90
2 0 H 0


21 24 H 90

24 15 T 90
18 0 H 90
21 11 H 0

23 1 H 90
20 21 H 180
18 7 T 90
2 11 H 180
15 21 H 180
13 5 H 90

27 15 H 0
26 1 H 270

0 1 T 270



2 4 T 270




24 27 H 90
7 6 T 90

23 8 T 90
7 24 T 180
0 3 T 180
16 24 H 270

24 11 T 90

18 5 H 90



19 -6 H 180

24 10 H 270


13 15 H 180
14 2 H 90





0 4 T 0
24 24 H 270






-3 24 T 90
28 4 T 270

13 4 T 0

0 1 H 270

2 19 H 180









16 24 H 180



-4 23 T 90
3 22 H 180
22 -6 H 180
23 23 H 0

5 6 H 0








-5 -7 T 90

6 24 H 270

8 21 H 180

19 3 T 90




21 16 H 180





19 30 H 0
































7 23 H 180
-7 3 H 90





18 4 H 90





-1 24 H 180

23 24 T 90









