-6 24 H 180
0 24 H 270
-3 21 T 90
0 22 T 90
8 21 H 270
8 22 H 0
-4 20 H 180
9 18 T 90
10 20 T 180
8 21 H 90
15 24 H 0
14 20 H 90
13 18 T 0
13 25 H 90
15 12 H 180
21 28 T 0
22 24 T 90
-7 23 T 90
22 20 T 0
21 22 H 180
19 15 H 180
5 15 H 180
17 23 H 180
9 21 T 180
25 13 H 270
21 13 H 270
3 21 H 180
18 13 H 0
0 20 T 270
23 10 H 0
24 4 T 270
18 2 H 90
27 8 H 0
1 15 T 180
4 15 T 90
1 12 H 270
21 16 H 180
-2 13 H 180
9 12 H 180
-2 12 H 180
20 23 T 0
2 17 H 90
0 12 T 0
8 17 H 0
17 23 H 90
5 11 T 270
6 10 T 270
-4 16 H 180
17 5 T 90
14 1 H 90
8 4 T 180
14 12 H 0
19 20 T 90
16 0 H 0
29 11 T 270
-1 7 H 180
7 8 T 0
9 5 H 0
-1 4 T 90
0 3 H 180
14 9 H 0
15 5 T 180
15 -2 H 180
12 0 H 0
1 2 T 90
13 1 T 180
0 0 H 180
24 0 H 90
3 29 T 270
0 1 H 270
4 -3 H 180
11 24 H 180
22 3 H 90

25 1 T 270
-6 12 T 90
24 15 H 90

9 9 H 270
23 -2 H 180
13 28 T 270

30 7 T 180




10 1 H 180

13 -3 T 180
20 24 H 270
22 26 T 270
1 1 H 0
18 9 H 180
15 8 H 180
3 23 T 90
22 11 H 180
0 -4 H 180
-5 0 H 90

9 0 H 270
5 7 H 180

12 11 T 180


19 18 H 270
11 -1 H 180

22 12 T 180


16 28 H 0
18 19 H 180

14 19 H 180
-2 18 H 180
23 26 H 90
11 13 H 270

9 10 H 180

4 24 T 90



12 16 H 180
16 4 H 180
-1 20 T 90


17 13 H 180
22 1 H 270

0 9 H 0



-2 18 H 180








11 3 T 90

-4 -1 H 180

21 10 T 90

18 11 H 180


24 0 H 0






23 2 H 180



16 -6 T 90
20 8 H 180
10 8 H 180
19 -1 H 270

2 5 H 90


24 21 H 90





22 -6 T 90

2 9 H 180

23 16 H 180
4 -6 T 180
-1 24 H 180




20 6 H 180





1 7 H 180
































-5 5 H 180
12 24 T 90





6 -3 T 90

4 0 H 90


-6 3 T 90
5 -4 T 90

24 20 H 180









