((-2,6),0,true)
((-3,5),0,true)
((4,6),270,true)
((3,4),0,true)
((0,5),270,true)
((-3,4),90,true)
((-3,4),0,true)
((3,8),270,true)
((-3,4),90,false)
((4,3),270,true)
((3,5),90,false)
((5,4),270,true)
((2,3),0,true)
((-1,4),0,false)
((2,3),90,false)
((0,3),270,true)
((0,4),270,true)
((0,1),270,true)
((-3,3),90,true)
((2,-3),180,true)
((-3,3),0,true)
((4,2),270,false)
((3,4),90,false)
((4,2),270,true)
((0,-3),180,true)
((2,2),0,true)
((-1,5),0,false)
((-1,3),0,false)
((0,2),270,true)
((-3,2),180,false)
((-3,-1),180,false)
((0,3),270,false)
((-3,2),90,false)
((4,1),270,true)
((0,-4),180,true)
((2,1),0,true)
((4,2),0,false)
((4,-1),270,true)
((-1,2),0,false)
((2,1),180,false)
((0,1),270,false)
((-3,1),90,true)
((4,0),180,true)
((4,0),270,false)
((4,3),0,false)
((4,0),270,true)
((2,0),0,true)
((4,1),0,false)
((1,2),90,false)
((-1,1),180,true)
((-1,1),0,false)
((2,0),180,false)
((4,-2),270,false)
((2,1),90,true)
((1,0),90,true)
((-3,1),180,false)
((0,0),270,true)
((3,2),180,false)
((4,0),0,false)
((1,1),90,false)
((-3,2),90,true)
((-1,0),0,false)
((2,-1),180,false)
((-1,0),180,true)
((-3,0),90,true)
((0,2),270,false)
((4,-1),180,true)
((2,-1),0,true)
((1,-1),90,true)
((1,-4),180,false)
((1,-1),90,false)
((-1,2),180,true)
((-3,3),90,false)
((-3,0),180,false)
((0,-1),270,false)
((1,-3),180,false)
((4,-1),0,false)
((1,0),90,false)
((2,-2),180,false)
((0,6),270,true)
((-1,-1),180,true)
((-3,2),0,true)
((2,-4),180,true)
((4,-2),180,true)
((3,-3),270,false)
((1,-2),90,true)
((4,1),180,true)
((0,-3),270,false)
((3,-3),180,true)
((2,-3),270,false)
((1,-3),90,true)
((4,-1),270,false)
((-1,-3),180,false)
((-2,-3),180,false)
((4,1),270,false)
((4,2),180,true)
((-2,-3),90,true)
((-1,3),180,true)
((-1,-3),90,true)
((0,0),270,false)
((-1,-4),180,false)
