00000001111111111111111111111111
00000000111111111111111111111111
00010000111111111111111111111111
00000000111111111111111111111111
00000000111111111111111111111111
00000000111111111111111111111111
00000100111111111111111111111111
00000000111111111111111111111111
11111111111111111111111111111111
11111111111111111111111111111111
11111111111111111111111111111111
11111111111111111111111111111111
11111111111111111111111111111111
11111111111111111111111111111111
11111111111111111111111111111111
11111111111111111111111111111111
11111111111111111111111111111111
11111111111111111111111111111111
11111111111111111111111111111111
11111111111111111111111111111111
11111111111111111111111111111111
11111111111111111111111111111111
11111111111111111111111111111111
11111111111111111111111111111111
11111111111111111111111111111111
11111111111111111111111111111111
11111111111111111111111111111111
11111111111111111111111111111111
11111111111111111111111111111111
11111111111111111111111111111111
11111111111111111111111111111111
11111111111111111111111111111111

13
00000000
00000000
00110000
00110000
00011000
00000000
00000000
00000000

00000000
00000000
00000000
00000000
00000000
00000000
01111000
00010000

00000000
00000000
00000010
00111110
00000010
00000110
00000000
00000000

00000000
00000000
00001010
00001110
00001000
00001000
00000000
00000000

00000000
00000000
00000000
00000000
00000000
00000000
00000000
00000011

00000000
00000000
00011000
00001100
00001100
00011000
00001100
00001000

00000000
00000000
00000000
00011000
00001000
00001000
00000000
00000000

00000000
00000000
01000000
01110000
01000000
01100000
00000000
00000000

00000000
00010000
00010000
00110000
00100000
00110000
00000000
00000000

00000000
00000000
00000000
00001100
00000100
00000000
00000000
00000000

00000000
00000000
00000000
00000000
00110000
00100000
01100000
01000000

00000000
00000000
00000000
00001100
00000110
00000000
00000000
00000000

00000000
00000000
00000100
00001110
00000100
00000000
00000000
00000000
