00000000111111111111111111111111
00000000111111111111111111111111
00000000111111111111111111111111
00000000111111111111111111111111
00000000111111111111111111111111
00000000111111111111111111111111
00000000111111111111111111111111
00000000111111111111111111111111
11111111111111111111111111111111
11111111111111111111111111111111
11111111111111111111111111111111
11111111111111111111111111111111
11111111111111111111111111111111
11111111111111111111111111111111
11111111111111111111111111111111
11111111111111111111111111111111
11111111111111111111111111111111
11111111111111111111111111111111
11111111111111111111111111111111
11111111111111111111111111111111
11111111111111111111111111111111
11111111111111111111111111111111
11111111111111111111111111111111
11111111111111111111111111111111
11111111111111111111111111111111
11111111111111111111111111111111
11111111111111111111111111111111
11111111111111111111111111111111
11111111111111111111111111111111
11111111111111111111111111111111
11111111111111111111111111111111
11111111111111111111111111111111

11
00000000
00000000
00110000
00110000
00011000
00000000
00000000
00000000

00000000
00000000
00000000
00000000
00000000
00000000
01111000
00010000

00000000
00000000
00000010
00111110
00100010
00000110
00000000
00000000

00000000
00000000
00001010
00001111
00001000
00001000
00000000
00000000

00000000
00100000
00000000
00000000
00000000
00000000
00000000
00000000

00000000
00000000
00011000
00001100
00001100
00011000
00001100
00001000

00000000
00000000
00000000
00011000
00001000
00001000
00000000
00000000

00000000
00000000
01000000
01000000
01000000
01100000
00000000
00000000

00000000
00110000
00010000
00110000
00100000
00110000
00000000
00000000

00000000
00000000
00000000
00001100
00000000
00000000
00000000
00000000

00000000
00000000
00000000
00000000
00110000
00100000
01100000
01000000
