00000000001111111111111111111111
01100000001111111111111111111111
01100000001111111111111111111111
00001100001111111111111111111111
00001100001111111111111111111111
00000001101111111111111111111111
00000001101111111111111111111111
00001100001111111111111111111111
00001100001111111111111111111111
00000000001111111111111111111111
11111111111111111111111111111111
11111111111111111111111111111111
11111111111111111111111111111111
11111111111111111111111111111111
11111111111111111111111111111111
11111111111111111111111111111111
11111111111111111111111111111111
11111111111111111111111111111111
11111111111111111111111111111111
11111111111111111111111111111111
11111111111111111111111111111111
11111111111111111111111111111111
11111111111111111111111111111111
11111111111111111111111111111111
11111111111111111111111111111111
11111111111111111111111111111111
11111111111111111111111111111111
11111111111111111111111111111111
11111111111111111111111111111111
11111111111111111111111111111111
11111111111111111111111111111111
11111111111111111111111111111111

20
00000000
01111000
01001000
01000000
01000000
00000000
00000000
00000000

10000000
10000000
10000000
00000000
00000000
00000000
00000000
00000000

00000000
01110000
11110000
00000000
00000000
00000000
00000000
00000000

00000000
01110000
01110000
01100000
01100000
01000000
00000000
00000000

10000000
00000000
00000000
00000000
00000000
00000000
00000000
00000000

00000000
00100000
01100000
00000000
00000000
00000000
00000000
00000000

00000000
01100000
00100000
00110000
00000000
00000000
00000000
00000000

00000000
01100000
01100000
01100000
01100000
00000000
00000000
00000000

00000000
01110000
00000000
00000000
00000000
00000000
00000000
00000000

01000000
11110000
01000000
00000000
00000000
00000000
00000000
00000000

11000000
11000000
10000000
00000000
00000000
00000000
00000000
00000000

00000000
01100000
01100000
00000000
00000000
00000000
00000000
00000000

00000000
01111000
01101000
01001000
00001000
00000000
00000000
00000000

11100000
01000000
00000000
00000000
00000000
00000000
00000000
00000000

00000000
00010000
00110000
01110000
01110000
00000000
00000000
00000000

00000000
00001000
00001000
00001000
01111000
00000000
00000000
00000000

00000000
00110000
01100000
00000000
00000000
00000000
00000000
00000000

00000000
00110000
01110000
00000000
00000000
00000000
00000000
00000000

11000000
10000000
11000000
00000000
00000000
00000000
00000000
00000000

11100000
10000000
00000000
00000000
00000000
00000000
00000000
00000000
