00000000000000000000000111111111
00100000000000000000000111111111
00000000000000000000000111111111
00000000000000000000000111111111
00001000000100000000000111111111
00010000000000000000000111111111
00000000000000000000000111111111
00000000000000010000000111111111
00000000000010100000000111111111
00000000000100000000000111111111
00000000000000000000000111111111
00000000000000000000000111111111
00000000000000000000000111111111
00000000000000000000000111111111
00000000000000000000000111111111
00000000000000100000000111111111
11111111111111111111111111111111
11111111111111111111111111111111
11111111111111111111111111111111
11111111111111111111111111111111
11111111111111111111111111111111
11111111111111111111111111111111
11111111111111111111111111111111
11111111111111111111111111111111
11111111111111111111111111111111
11111111111111111111111111111111
11111111111111111111111111111111
11111111111111111111111111111111
11111111111111111111111111111111
11111111111111111111111111111111
11111111111111111111111111111111
11111111111111111111111111111111

71
00000000
00000000
00000010
00000111
00000000
00000000
00000000
00000000

00000000
00000000
00000000
10000000
11000000
10000000
00000000
00000000

00000000
00000000
00000000
00000000
00000001
00000001
00000001
00000001

00000000
00000000
01100000
11100000
01100000
00000000
00000000
00000000

01100000
01000000
01000000
00000000
00000000
00000000
00000000
00000000

00000000
00000000
00000000
00000000
00000110
00001110
00001110
00001110

00000000
00000000
00000000
00000000
00000001
00000001
00000001
00000001

11100000
00100000
00000000
00000000
00000000
00000000
00000000
00000000

00000000
00000000
00000000
00000001
00000001
00000001
00000001
00000000

00000000
00001100
00000100
00011110
00000100
00000000
00000000
00000000

00000000
00000000
00000000
00000000
00000000
00000000
00000000
01110000

00110000
00100000
00000000
00000000
00000000
00000000
00000000
00000000

00000000
00000001
00000001
00000001
00000000
00000000
00000000
00000000

00000000
00000000
00000000
00000000
00000000
01000000
11100000
10100000

00000000
00000000
00000000
00000100
00000100
00001100
00000100
00000000

00001110
00001100
00000000
00000000
00000000
00000000
00000000
00000000

00011100
00110100
00000000
00000000
00000000
00000000
00000000
00000000

00000000
00111000
00011100
00011100
00000110
00000000
00000000
00000000

00000000
00000000
00000000
00000000
00000000
00000000
00000000
11111000

00111000
00110000
00010000
00000000
00000000
00000000
00000000
00000000

00000000
00000000
00000000
00000000
00000000
00000000
00000111
00001100

00000000
01000000
01000000
11100000
00000000
00000000
00000000
00000000

00000000
00000000
00000000
00000011
00000001
00000000
00000000
00000000

00000000
00000000
00000000
00000000
00000000
00000000
00000001
00000001

00000000
00000000
10000000
11000000
01000000
00000000
00000000
00000000

00000000
00000010
00000011
00000010
00000000
00000000
00000000
00000000

00000000
00000000
00000000
00000000
00000000
00000000
00000000
00000111

00000001
00000001
00000001
00000001
00000000
00000000
00000000
00000000

00000000
00000110
00000111
00000111
00000001
00000000
00000000
00000000

00000000
00000000
00000000
00000000
00001000
00001000
00000000
00000000

00110000
01100000
00000000
00000000
00000000
00000000
00000000
00000000

00000000
00000000
00000000
00000000
00000000
01100000
11100000
11100000

00000001
00000001
00000001
00000001
00000001
00000000
00000000
00000000

00000000
00000000
00000000
00000000
00000100
00011100
00001110
00001000

00000000
00000000
00110000
00110000
00000000
00000000
00000000
00000000

00000000
00000000
00000000
00000000
00000000
00011001
00001111
00000010

00000000
00000000
10000000
10000000
11100000
00000000
00000000
00000000

00000000
01110000
00000000
00000000
00000000
00000000
00000000
00000000

00000000
00001000
00001000
00011000
00011100
00000000
00000000
00000000

00000000
00000000
00000000
00000000
00000000
00000000
00000000
00001110

00000000
00000000
00000000
00000000
00000000
00110000
00111110
00011000

00000000
00000000
00000000
00000000
00000000
11000000
11000000
00000000

00000000
00000000
00000000
00000000
00000000
01000000
01110000
00000000

00000000
00000000
00000000
00000000
00000000
00000000
00000000
11111000

00000000
00000000
00000000
11000000
10000000
11100000
11000000
00000000

00010000
01110000
11010000
01010000
00000000
00000000
00000000
00000000

00000000
00000000
00001100
00000100
00000000
00000000
00000000
00000000

00000000
00000000
00000000
00010000
00111100
00000000
00000000
00000000

00000000
00110000
00110000
00000000
00000000
00000000
00000000
00000000

00000000
00000000
00000000
00000000
00011100
00000110
00000100
00000000

00000000
00000000
00010000
00011000
00110000
00010000
00000000
00000000

00000000
00000000
00000000
00000000
01000000
01000000
00000000
00000000

00000000
00000000
00000000
00000000
00000000
00000000
00110000
00010000

00000000
00000000
00000000
00000000
00000000
00000000
00000000
00001100

11000000
10000000
00000000
00000000
00000000
00000000
00000000
00000000

00000000
00000000
00000000
00000000
00000000
00000000
00000000
11000000

00001100
00001111
00001111
00000010
00000010
00000010
00000000
00000000

00000000
00000000
00000010
00000011
00000011
00000110
00000000
00000000

00000111
00001111
00001000
00000000
00000000
00000000
00000000
00000000

00000001
00000001
00000000
00000000
00000000
00000000
00000000
00000000

00000000
00001100
00011110
00000100
00000000
00000000
00000000
00000000

00000000
00000000
00000000
00000000
00000000
00011000
00111000
00000000

11100000
00110000
00010000
00000000
00000000
00000000
00000000
00000000

00000000
00000000
00000000
00100000
00100000
00110000
00000000
00000000

00000000
00000000
00000000
00000000
00001000
00001110
00001110
00000110

00000000
00000000
00000100
00001100
00000000
00000000
00000000
00000000

00000000
00000000
00000000
00001000
00001000
00001000
00000000
00000000

00000000
00000000
00000000
00000000
00000000
10000000
10000000
00000000

00000000
00000000
00000000
00000000
00001000
00011100
00001000
00000000

00000001
00000001
00000001
00000000
00000000
00000000
00000000
00000000

00000000
00011000
00011000
00111100
00011000
00001000
00000000
00000000
