00001000111101001111111111111111
00000001000000001111111111111111
00000101001001001111111111111111
00000000000000001111111111111111
11111111111111111111111111111111
11111111111111111111111111111111
11111111111111111111111111111111
11111111111111111111111111111111
11111111111111111111111111111111
11111111111111111111111111111111
11111111111111111111111111111111
11111111111111111111111111111111
11111111111111111111111111111111
11111111111111111111111111111111
11111111111111111111111111111111
11111111111111111111111111111111
11111111111111111111111111111111
11111111111111111111111111111111
11111111111111111111111111111111
11111111111111111111111111111111
11111111111111111111111111111111
11111111111111111111111111111111
11111111111111111111111111111111
11111111111111111111111111111111
11111111111111111111111111111111
11111111111111111111111111111111
11111111111111111111111111111111
11111111111111111111111111111111
11111111111111111111111111111111
11111111111111111111111111111111
11111111111111111111111111111111
11111111111111111111111111111111

7
00000011
00001111
00000000
00000000
00000000
00000000
00000000
00000000

00000000
00000000
00000000
11000000
11000000
11000000
00000000
00000000

01110000
01110000
00100000
01100000
00110000
00000000
00000000
00000000

00011111
00001110
00000100
00000000
00000000
00000000
00000000
00000000

00000000
00000000
00000000
00000000
00000000
00000000
00000000
11111110

00000001
00000001
00000000
00000000
00000000
00000000
00000000
00000000

00000000
00000000
00000000
10011100
11111000
11101000
00000000
00000000
