00000000000000101000000000000000
00000000000000000000000000010000
00000000000000000000000000000000
00100000000000000000000000000000
10000000000000000000000000000000
00000000000000000000000000000000
00000000000000000000000000000000
10000000000000000000000000000000
00000000000100000000000000000000
00000000000000000000000000000000
00000010000000000000000000000000
00000000000000000000000000100000
10000000000000000100000000000000
00000000000000010000000000000000
00000000010000000000000000000000
00000000000000000000000000000000
00000000000000000100000000000000
00000000000000010000000000000000
00000000000000000000000000000000
00000000000000000000001000000000
10000000000000000000000000000000
00000000000000000001000000000000
00000000000000000000000000000100
00000000000000000000000000000000
00000000000010100000111010000100
00001000000000000000000000001000
00100000000000000100000000001000
00000000000000000000000000000000
00000000000000000000000000000000
00000000000000000010000000000000
01000000000000000000001001000000
00000000000000000000000000000001

116
00000000
00000000
00000000
00001000
00001110
00111111
00010110
00110010

00011111
00111111
00010000
00000000
00000000
00000000
00000000
00000000

00000000
00000000
00000000
00000000
00000000
00000000
10000000
00000000

00010000
01110000
01100000
00000000
00000000
00000000
00000000
00000000

00000000
00000000
00000001
00000011
00000011
00000000
00000000
00000000

00000000
00000000
00000000
00000000
00000000
00110000
00010000
00011000

00110000
00111100
01111100
00001000
00001000
00000000
00000000
00000000

00000000
00000000
00000000
00100000
00111000
00001000
00000000
00000000

00001000
00001000
00011100
00001100
00111000
00111100
00000000
00000000

00000000
00000000
00000000
00000000
00000000
00000100
00000000
00000000

00000000
00000000
10000000
10000000
10000000
11100000
00100000
11100000

11111000
11110000
00100000
00110000
00100000
00000000
00000000
00000000

00000010
00000000
00000000
00000000
00000000
00000000
00000000
00000000

00000000
00000000
00000000
00000010
00000111
00000000
00000000
00000000

00001111
00011111
00010100
00000000
00000000
00000000
00000000
00000000

00000000
00000000
00000000
01110000
00100000
00000000
00000000
00000000

00000000
00000000
00000000
00000000
00000000
01000000
01110000
01110000

11000000
10000000
00000000
00000000
00000000
00000000
00000000
00000000

00000000
00001000
00011110
00111100
00010100
00000000
00000000
00000000

00000000
00000000
00000000
00000001
00000000
00000000
00000000
00000000

00000000
00000000
00000000
00000000
00000010
00001111
00001000
00000000

00000000
00000000
00000000
00000001
00000001
00000000
00000000
00000000

11111000
11111000
01100000
01000000
00000000
00000000
00000000
00000000

00010000
00000000
00000000
00000000
00000000
00000000
00000000
00000000

00000000
00000010
00000111
00100100
00101111
00111010
00000000
00000000

00100000
01111000
00010000
00110000
00000000
00000000
00000000
00000000

01111000
01100000
01110000
01010000
00010000
00000000
00000000
00000000

00000000
00000000
00000000
00000000
00000000
00000111
00010100
00111110

00000000
00000000
00000000
00000000
00100000
00100000
00111100
00110000

00000000
10000000
11000000
10000000
11000000
11000000
01000000
00000000

11100000
11100000
11100000
11000000
10000000
00000000
00000000
00000000

00000000
11100000
00000000
00000000
00000000
00000000
00000000
00000000

00000000
00000000
00000000
00000100
00000110
00000010
00000000
00000000

00000000
00011000
00010000
00000000
00000000
00000000
00000000
00000000

00000000
00000000
00000001
00001001
00001101
00001111
00000100
00000000

00000000
00000000
00000000
00000100
00001100
00001111
00001100
00000000

00000000
00000000
00000000
00000000
00000000
00000000
11110000
10000000

00100000
00100000
00100000
01110000
01111000
01110000
00000000
00000000

00000111
00000001
00000001
00000111
00000000
00000000
00000000
00000000

00000000
00000000
00000000
01110000
00010000
00000000
00000000
00000000

00000000
00000000
00000000
01111000
00011100
00010110
00110000
00000000

00000000
00000000
00000000
00000000
01100000
11100000
11100000
11000000

00000000
00000000
00000010
00000111
00000111
00000110
00000000
00000000

00000000
00000000
10000000
10000000
10000000
11110000
11110000
00100000

11110000
01100000
00110000
00010000
11110000
00000000
00000000
00000000

00000000
00000000
00000000
00000000
00000000
00001100
00011000
00110000

11100000
11000000
10000000
00000000
00000000
00000000
00000000
00000000

00000000
00000110
00000110
00000011
00000011
00000011
00000001
00000000

00000000
00000000
00000000
00000000
00000000
01000000
11010100
11111100

00000000
01100000
11000000
11100000
11110000
10110000
00010000
00000000

00001111
00000111
00000111
00000000
00000000
00000000
00000000
00000000

00000001
00000011
00000000
00000000
00000000
00000000
00000000
00000000

00000000
00000000
00111000
00010000
00010000
00010000
00000000
00000000

00000000
00000000
11000000
11000000
11100000
01000000
00000000
00000000

00000000
00000000
00000000
00000000
11000000
11100000
11000000
11100000

00000000
00000000
00000110
00111110
00011111
00000000
00000000
00000000

00000000
00000000
00000000
00000000
00000000
00000011
00000011
00111111

00000000
00000000
00000000
00000000
00000000
00000100
00001110
00000111

00000000
00000000
00000000
00000000
00001000
00001110
00001111
00111111

11110000
01111000
00000000
00000000
00000000
00000000
00000000
00000000

00000000
00000000
00000000
00000000
00000000
00011000
00000000
00000000

00111000
00011000
00111110
00001111
00000100
00000000
00000000
00000000

00000000
00000110
00001110
00001100
00000110
00001111
00000100
00000000

00000000
00000000
00000000
00001100
00000110
00000000
00000000
00000000

00000000
00000000
00000000
00100000
01111000
01111100
01110000
00000000

11110000
11111000
01100000
00000000
00000000
00000000
00000000
00000000

11110000
11100000
11100000
11000000
01000000
00000000
00000000
00000000

00000000
00000000
00000000
00000101
00000111
00001111
00001111
00001100

00000000
00000000
00011000
00011100
00011110
00001000
00000000
00000000

00001111
00000111
00000100
00000000
00000000
00000000
00000000
00000000

01111000
01111100
00111000
00000000
00000000
00000000
00000000
00000000

00000000
00000000
00000000
00000000
00000000
00000000
00001100
00001000

00000111
00001111
00001111
00011011
00000010
00000000
00000000
00000000

00000000
00000000
00000000
00001100
00011110
00000010
00000000
00000000

00000000
00000000
00000000
00000000
00000000
00000000
10000000
11100000

00010000
00110000
00111000
00000000
00000000
00000000
00000000
00000000

00000000
00000000
00000000
00000000
00000000
00000000
00000000
00000001

00000000
00000000
00000000
00001100
00001110
00011110
00010100
00000000

00000000
00000000
00000000
01100000
11100000
11000000
11100000
11000000

00000000
00000000
01000000
01000000
01000000
01000000
01100000
11100000

00000000
00000000
00011000
00011000
00011100
00001000
00000000
00000000

00000000
00001000
00001110
00011110
00011100
00010000
00000000
00000000

11110000
11111100
00111000
00110000
00000000
00000000
00000000
00000000

00000000
00000000
00000000
00000011
00001110
00000010
00000000
00000000

00000000
00000001
00000001
00001111
00000000
00000000
00000000
00000000

00000000
00000000
00000000
00000111
00000111
00000010
00000000
00000000

01111000
01110000
00011000
00010000
00000000
00000000
00000000
00000000

00000001
00000111
00001111
00001001
00000000
00000000
00000000
00000000

00000000
10000000
11100000
10000000
10000000
00000000
00000000
00000000

00000000
00000000
00000100
00000000
00000000
00000000
00000000
00000000

11110000
11111100
00100000
00110000
00010000
00000000
00000000
00000000

00000000
00000000
00000000
00000000
00000000
00000000
00000000
00011000

11100000
01110000
00100000
00110000
00000000
00000000
00000000
00000000

11000000
01110000
00100000
00000000
00000000
00000000
00000000
00000000

00000000
00000000
00000000
00000000
00000000
00100000
01110000
00110000

00000000
00000000
00000000
00000000
00000000
00000001
00000011
00000111

00000000
00000000
00001000
00011100
00011000
00001100
00001110
00111000

11111000
11111100
10111000
10000000
00000000
00000000
00000000
00000000

11100000
11100000
11110000
11000000
11000000
00000000
00000000
00000000

00000000
00000000
00000000
10000000
11100000
10000000
11100000
11100000

00011100
00011000
00000000
00000000
00000000
00000000
00000000
00000000

00000000
00000000
00000000
01010000
01110000
00110000
00010000
00000000

00000000
00000000
00000110
00001100
00000000
00000000
00000000
00000000

00000000
00000000
00000000
00000000
00100001
00100011
00110011
00011111

00000000
00000000
00001110
00111000
00011000
00000000
00000000
00000000

00001000
00001100
00001000
00011110
00001100
00001100
00000100
00000000

01100000
01110000
01000000
00000000
00000000
00000000
00000000
00000000

00000000
00000000
00000000
00000000
00000000
00000010
00000010
00000011

00000000
00000000
00110000
00100000
11110000
01100000
00000000
00000000

00000000
00000000
00000000
00000000
00000101
00001111
00011111
00011000

01100000
00000000
00000000
00000000
00000000
00000000
00000000
00000000

00001100
00111110
00110000
00000000
00000000
00000000
00000000
00000000

00000000
00000000
00000000
00000000
00000000
11100000
11000000
11100000

00000000
00000000
00000000
00000000
00001100
00011110
00001100
00111100

00000000
00000011
00000011
00000001
00000011
00000000
00000000
00000000

00000000
00001100
00001100
00011000
00111100
00100111
00000010
00000010
