00000000000011111101111111111111
00000000000011111100111111111111
00000000000011111100011111111111
00000000000011111100001111111111
00000000000011111100000111111111
00000000000000100000000011111111
00000000000000000000000001111111
00000000000000000000000000111111
00000000000011111100000000011111
00000000000011111100000000001111
00000000000011111100000000000111
00000000000011111100000000000011
11111111111111111100000000000001
11111111111111111100000000000000
11111111111111111100000000000000
11000000111111111111111111111011
10010000111111111111111111111011
10000010111111111111111111111011
10000000111111111111111111111001
11000000110000000000111111111101
11001000110000000000111111111101
11100000110001111100111111111101
11100100000001000100111111100001
11000000110001000100111111101111
11111000110000000000111111101111
11000010110000000000111000000000
11000100110101010000111000000000
11000001110101010000111111100000
10000000110101010000111000000000
10101000110101010000000000000100
10100000110101010000111000000100
11101001110101010000111000000100

150
01110000
01000000
01111100
00000100
00000100
00000000
00000000
00000000

00000000
10000000
11000000
01100000
00000000
00000000
00000000
00000000

00000000
00000000
00000000
00000000
00001000
00011100
00011110
00001100

00000000
00000000
00000100
00000000
00000000
00000000
00000000
00000000

10000000
10000000
10000000
10000000
10000000
10000000
11111100
00000000

00000000
00000000
00000000
00111110
00000000
00000000
00000000
00000000

00000000
10000000
10000000
11100000
00100000
00100000
00000000
00000000

11000000
11110000
01110000
00000000
00000000
00000000
00000000
00000000

00000000
00000000
00000000
00000000
00000000
00000100
00000110
00000110

00110000
00100000
00111000
00000000
00000000
00000000
00000000
00000000

00000000
00010000
11110000
11110000
01100000
00000000
00000000
00000000

00000000
00000000
10000000
00000000
00000000
00000000
00000000
00000000

00000011
00000111
00000000
00000000
00000000
00000000
00000000
00000000

00000000
00000000
00000000
00000000
01100000
00000000
00000000
00000000

00000000
01111100
01000000
01000000
01000000
01110000
00010000
00010000

00000000
00000000
00000000
00000000
00000000
00000000
00001111
00000000

00000000
00000000
00000000
00000000
00000000
00100000
01111000
00010000

00000000
00000000
00000000
00000000
00000000
00000000
00000000
00000011

00000000
00000000
00000000
00000000
01000000
00000000
00000000
00000000

00000001
00000001
00000001
00000001
00000001
00000001
00111111
00000000

00000000
00011111
00010001
00010001
00010000
00110000
00000000
00000000

00000000
00000000
00000000
00000000
00000000
00001110
00001000
11111000

00000000
00000000
00000000
00001111
00001011
00011000
00010000
00000000

00000000
00000000
00000000
00000000
00000000
00000000
00000000
01110000

00000000
00000000
00000000
00000000
00000000
00000010
00000010
00001110

00000000
00000000
00000000
00000000
00000000
00000000
01000000
00000000

00000000
00000000
00000000
00000000
00000000
00010000
00000000
00000000

00000000
00000000
00110000
00000000
00000000
00000000
00000000
00000000

00000000
00000000
00000000
00000000
00000000
00000100
00000100
00000100

00000000
00000000
00000000
00010000
00010001
00010001
00011111
00000000

00000000
00000110
00001111
00001111
00001000
00001000
00000000
00000000

00000000
00000000
00000000
00000000
00000000
00010000
00000000
00000000

00000000
00000000
00111000
00000000
00000000
00000000
00000000
00000000

00000000
00000000
00000000
00000100
00011100
00000000
00000000
00000000

00000000
00111000
00001000
00001000
00001000
00111000
00100000
11100000

00000000
00000000
00000000
00000000
00000000
00111000
00001000
11111000

11100000
00000000
00000000
00000000
00000000
00000000
00000000
00000000

00000000
00000000
00000000
01000000
01100000
01110000
00100000
00111000

00000000
00000110
00001111
00000011
00000000
00000000
00000000
00000000

00000000
00000000
00000000
00000000
00000000
00000000
10000000
11000000

00000000
00000000
00000000
00000000
00000000
00000000
00000001
00000001

00000000
00000000
00000000
00110000
00000000
00000000
00000000
00000000

00000000
00000000
00000000
00000000
00010000
00010000
01110000
00000000

00000000
00000000
11000000
01000000
00000000
00000000
00000000
00000000

00000000
00000000
00000000
10100000
11100000
11000000
10000000
00000000

00000000
00000100
00000101
00000111
00000000
00000000
00000000
00000000

00000000
00000010
00000010
00000010
00000010
00000010
00000000
00000000

00000000
00000000
00000000
00010000
00011000
00011000
00011100
00011100

00000000
00000000
00001000
00001000
00111000
00000000
00000000
00000000

00011100
00111000
00000000
00000000
00000000
00000000
00000000
00000000

00000000
10000000
10000000
11100000
00000000
00000000
00000000
00000000

00000000
00000000
00000000
00000000
00000000
10001110
10000010
11111110

01110000
01100000
00100000
00000000
00000000
00000000
00000000
00000000

00000000
00000000
01100000
01000000
11110000
11110000
00000000
00000000

00000000
00011111
00010001
01110001
00000001
00000001
00000000
00000000

00000000
11111000
00001000
00111000
00100000
00110000
00000000
00000000

00001110
00001000
00001000
00001000
00001010
00001010
00001110
00000000

00000000
00000000
00000000
01111111
01000001
01100001
00000000
00000000

10000000
11000000
11000000
00000000
00000000
00000000
00000000
00000000

00000000
00000000
00000000
00000000
01000000
00000000
00000000
00000000

00000000
11100000
00100000
00100000
00100000
00000000
00000000
00000000

00000000
00000000
00000100
00000100
00000100
00000000
00000000
00000000

00000011
00000111
00000111
00000111
00000000
00000000
00000000
00000000

00000000
00000000
00000000
00000000
00000001
00000000
00000000
00000000

00000000
00000000
00001110
00000100
00000000
00000000
00000000
00000000

00011110
00000010
00000010
00000000
00000000
00000000
00000000
00000000

00000000
00000000
11100000
10100000
10100000
00100000
00110000
00000000

00000000
00000010
00000010
00000010
00000010
00000000
00000000
00000000

00000000
00000000
00000000
00000000
00000000
11000000
11110000
11110000

00000000
00000000
00000000
00000000
00000000
00000000
00001000
00000000

00000000
00000000
00000000
00000000
00010000
01010000
01110000
00000000

00000000
00000000
00000000
00000000
00000000
00000000
00000000
00000110

00000001
00000001
00000011
00000000
00000000
00000000
00000000
00000000

00000000
00000000
00011110
00010000
00110000
00110000
00000000
00000000

00000000
00000000
00000000
00000010
00000011
00000001
00000000
00000000

00001000
00011000
00010000
00110000
00010000
00011000
00011000
00000000

00000000
00000000
00000000
00100000
11100000
10000000
10000000
00000000

00001000
00011000
00000000
00000000
00000000
00000000
00000000
00000000

00000000
00100000
11100000
10000000
10000000
10000000
10000000
00000000

00000000
00000000
00000000
00000110
00000111
00000111
00000100
00000000

00000000
00000000
00000000
00000000
00000000
11000000
00000000
00000000

00000000
00000000
00000000
00000000
00000000
00000000
01000000
01110000

00000000
00000000
00000001
00000000
00000000
00000000
00000000
00000000

11000000
11000000
10000000
11000000
00000000
00000000
00000000
00000000

00000000
00000000
10000000
11000000
11000000
11000000
11000000
10000000

11111000
00000000
00000000
00000000
00000000
00000000
00000000
00000000

00000000
00000000
00000000
00000000
00000000
00000000
00000001
00000000

00000000
00000000
00000000
00000000
00000000
00010000
00010000
00010000

00000000
00000000
00011111
00010000
01110000
01000000
01100000
00000000

00000000
00000000
00000000
00000000
00001100
00001000
00001000
00000000

00000000
00000000
00000000
00000000
00100000
00100000
00111100
00000000

00000000
00000000
00000000
00000000
00000000
00000000
00000100
00000000

00000000
00000000
00000000
01000000
00000000
00000000
00000000
00000000

00000000
00000000
00000000
01100000
01100110
00100100
00111100
00000000

00000000
00000000
00000000
10000000
10000000
00000000
00000000
00000000

00000000
00000000
00000100
00000000
00000000
00000000
00000000
00000000

00000000
00000000
00000000
00000011
00000111
00000111
00000011
00000011

00010000
00010000
00011100
00000100
00000000
00000000
00000000
00000000

00000000
00000000
00000100
00001110
00000100
00000000
00000000
00000000

00000000
01000000
01000000
01000000
01000000
01110000
00000000
00000000

00000000
00000000
00000000
00001100
00111000
00000000
00000000
00000000

00000000
00110000
00100000
00100000
00100000
11100000
10000000
11100000

00011100
00111100
00010100
00010000
00000000
00000000
00000000
00000000

00000000
01110000
11110000
11011000
00001000
00000000
00000000
00000000

00011111
00010000
01110000
00000000
00000000
00000000
00000000
00000000

11000000
11000000
00000000
00000000
00000000
00000000
00000000
00000000

00000000
00000001
00000001
00000001
00000000
00000000
00000000
00000000

00111000
00001000
00001110
00000010
00000010
00000000
00000000
00000000

00000000
00011000
00010000
00010000
00010000
00010000
00010000
01110000

00000000
00011111
00000000
00000000
00000000
00000000
00000000
00000000

00000000
00000000
00000000
01000000
01000000
01110000
00000000
00000000

00000000
00000000
00000100
00001110
00011100
00001111
00001000
00000000

00000000
00000000
00000000
00000000
01100000
01100000
01100000
00000000

00000000
00000000
00000000
01110000
01000000
01000000
00000000
00000000

00000000
00011100
00010100
00010100
00010000
00110000
00000000
00000000

00000000
00011100
00010000
00010000
00010000
01010000
01010000
01110000

00000000
00000000
00000000
00000000
00000000
00100000
00000000
00000000

00000000
00000000
00000000
00000000
00001100
00001000
00001111
00000000

00000000
00000000
00000000
00000000
00000000
11100000
00000000
00000000

00000000
00000000
00000000
00000000
00001000
00001100
00001110
00000110

00000000
00000000
00000000
00000000
00010000
00111110
00011100
00000100

00000000
00001111
00001111
00000111
00000000
00000000
00000000
00000000

00000000
00000000
00111000
00110000
00100000
00000000
00000000
00000000

00000000
00000001
00000001
00000001
00000001
00010001
00010001
00011111

00000000
00000000
00000000
00000000
11000000
11000000
10000000
00000000

00000000
00000000
00000000
00001000
11111000
10000000
10000000
00000000

00000000
00000000
00000000
00000000
00001111
00000111
00000011
00000011

00000000
00000000
00000000
00011100
00010000
01110000
00000000
00000000

00000000
10000000
10000000
10000000
00000000
00000000
00000000
00000000

00000000
00000000
00000000
00000000
00000000
11000000
11000000
11000000

00000000
00000000
00000100
00000101
00000101
00000111
00000000
00000000

00000000
00000000
00000000
00000000
00001110
00000010
00000110
00000000

00000000
00000000
00000000
00001110
00001010
00001010
00000010
00000010

00000000
00000000
00000000
00000000
00000000
00000000
00001000
00001100

00000000
00010000
00010000
00010000
00110000
00100000
01110000
01000000

00000000
00000000
00000000
00000000
10000000
11000000
11000000
00000000

00000000
00000000
00000000
10000000
10000000
10000000
10000010
11111110

00000000
00000000
00100000
00110000
01111100
00111100
00000000
00000000

00000000
00000000
00000000
00000000
00000010
00011110
11111100
11000000

00000000
00001000
00011100
00011000
00001000
00001000
00000000
00000000

00000000
01110000
00010000
00010000
00010000
00110000
00000000
00000000

00000000
00000000
00000000
00000000
00000000
00000000
00000000
00000010

00000000
00000000
00000000
01100000
11100000
11000000
00000000
00000000

00111110
00000010
00001010
00001010
00001110
00000000
00000000
00000000

00000000
00000000
10000000
11100000
01000000
00000000
00000000
00000000

00000111
00001101
00000001
00000001
00000011
00000110
00000000
00000000

11000000
11000000
11100000
11000000
00000000
00000000
00000000
00000000

00100000
01100000
00110000
00010000
00000000
00000000
00000000
00000000

00011000
00010000
00010000
00010000
01110000
00000000
00000000
00000000

00000000
00000010
00000010
00000010
00000010
00000010
00000010
00000010
