00000000000000000000000000000000
00011111111110000110000110000000
00000000000110000110000110000000
00000001101100000110000110000000
00000001100000000000000110000000
00000011000000000000001100000000
00000110000000000000011000000000
11111111111111111111111111011111
11110000111111111100001110011111
11000000011111110000000000011111
11100000111111110000000000111111
11111001111111000000000001111111
11111100011110000111111100111111
11111111001110011111111110011111
11111111000001111111111100000011
11111111011111111111111000000001
11111100011111111111110000000000
11111000111111111111100011100000
11100000011111111111111111111100
11000000011111111111101111111001
11100000001111111110000001110011
11110000011111111111100000000011
11111100011000111110000001111100
11111111000010011000111111111000
11111111000100000000101111110000
11111110001111110000001111100000
11111100001111110000001110000000
11100001000011110000000111000001
11110001111000000000000011100001
11000000111111111111111111000111
11100000111100000000111111001111
11110000000000000000000000011111

256
00000000
00000000
00000000
11000000
10000000
11000000
00000000
00000000

00000000
00001110
00000010
00000010
00000010
00000010
00000000
00000000

00000011
00000001
00000001
00000000
00000000
00000000
00000000
00000000

00000000
00000000
00000000
00000000
00000000
00110000
00100000
00000000

00001110
00000010
00000110
00000000
00000000
00000000
00000000
00000000

00011110
00001110
00001100
00000100
00000000
00000000
00000000
00000000

00000000
00000000
01010000
01110000
00000000
00000000
00000000
00000000

01111111
00000100
00011111
00000100
00000100
00000000
00000000
00000000

00000000
00001110
00000010
00001110
00000010
00001110
00001010
00001010

00000000
00111000
00111000
00011000
00000000
00000000
00000000
00000000

00000000
00001000
00001000
11111110
00001000
00001000
00000000
00000000

00000000
11100000
10000000
11100000
10000000
11100000
10000000
10000000

00000000
00000000
00000000
00000000
00000000
00000000
00000010
00000000

11100000
10000000
11000000
11100000
11100000
00000000
00000000
00000000

00000000
01010000
01010000
01111000
01010000
01010000
00000000
00000000

00000111
00000101
00000000
00000000
00000000
00000000
00000000
00000000

00000000
00000000
00000000
00000000
10000000
10000000
11111000
00000000

00000000
00000000
00000000
00000000
00000000
00001000
00001000
00000000

00000000
00000000
00000000
00000000
01100000
00110000
00010000
00000000

00000000
00000000
00000000
00000000
01100000
00111111
00001110
00000000

00000000
00000000
00100000
00100000
00100000
11100000
10000000
11000000

00000000
00000000
00000100
00000100
00000101
00000111
00000111
00000000

00000000
00000000
00000101
00000101
00011111
00000001
00000111
00000000

11111000
10001000
11100000
10000000
10000000
00000000
00000000
00000000

01111100
00010000
00011111
00010100
00010100
00000000
00000000
00000000

00000000
00000000
00000000
00000100
00001100
00000000
00000000
00000000

00000000
00000000
00010000
00010000
00011000
00010000
01111100
00000000

00000000
00000000
00001000
00001000
11111110
00100000
11111000
00000000

00000100
00000100
00011111
00000100
00011111
00000100
00000000
00000000

00000000
00000000
00000000
01000000
01000100
01110100
01000100
01111111

00000000
00000011
00010001
00010001
00011101
00000111
00000000
00000000

00000000
00010000
00011000
00001000
00001000
00001000
00011100
00001100

00000000
00000000
00000000
00000000
00000000
00000000
01100000
01110000

00000000
00000000
00000000
00000000
00000000
00010000
00010000
00010000

00111100
00000110
00000000
00000000
00000000
00000000
00000000
00000000

00000000
00000000
00000000
00000000
00010000
01110000
00010000
00010000

00000000
00000000
00000000
10100000
11100000
11000000
11000000
00000000

00000000
00000000
00001000
00001000
00011000
00000000
00000000
00000000

00000000
01111111
00010001
00010111
00000001
00000001
00000000
00000000

00101110
00100010
11111110
00000010
00000010
00000000
00000000
00000000

11100000
10100000
10000000
00000000
00000000
00000000
00000000
00000000

00001100
00000000
00000000
00000000
00000000
00000000
00000000
00000000

10000000
10000000
11100000
10000000
10100000
10100000
11111000
00000000

00000000
00000000
00000000
00000000
00000000
00000000
00000010
00000110

00000000
00000000
00011000
01010000
01110000
00110000
00000000
00000000

00000000
00000000
00001000
00001000
00111110
00101000
00101000
00000000

00000000
00000000
00000000
00010000
00010000
01111100
00010000
01111110

00000000
00000000
00000100
00111100
00110000
00000000
00000000
00000000

00100000
11110000
11111000
00011000
00000000
00000000
00000000
00000000

00000000
00000000
00000000
00000000
11000000
10000000
11000000
11000000

00000000
00000110
00000010
00001110
00000010
00001110
00000010
00001110

00000000
01111000
00000000
00000000
00000000
00000000
00000000
00000000

00000000
00000000
00000000
00000000
00010000
00000000
00000000
00000000

00000000
00000000
00000000
00000000
00111000
00110000
00010000
00000000

00000000
00000000
00000000
00000000
00000010
00000010
00001111
00000011

00000000
10000000
10000000
10000000
10000000
10000000
11110000
10011110

00000000
00000000
00000000
00000000
00000000
10000000
11010000
01111000

00000000
00000010
00000010
00000110
00000010
00001110
00000010
00001110

00011000
11110000
01110000
00000000
00000000
00000000
00000000
00000000

00000011
00000110
00000000
00000000
00000000
00000000
00000000
00000000

00000000
00000010
00000000
00000000
00000000
00000000
00000000
00000000

00000000
00000000
00100000
00100000
11111000
00000000
00000000
00000000

00000000
00000000
00000000
00000000
00000000
00000000
11000000
01100000

00000000
00000111
00000111
00000000
00000000
00000000
00000000
00000000

00000000
01111100
01010000
01010000
01000000
01000000
01000000
00000000

00000000
00000000
00000000
00000000
00000000
00000000
00000000
00000010

00000000
00000000
00000000
00000000
00000001
00000011
00000011
00000001

00000000
00000000
00000000
00000000
00000000
01000000
01100000
00000000

00010000
00000000
00000000
00000000
00000000
00000000
00000000
00000000

00000000
11000000
01000000
01100000
00100000
00000000
00000000
00000000

00000000
00000000
00000000
00000010
00000000
00000000
00000000
00000000

00000000
00000000
00000000
00000100
00000100
00011111
00000100
00011111

00000000
00000000
00000000
00010000
01111100
00010000
00010000
00000000

00000000
00000000
00000000
10100000
10100000
11111000
10100000
10111000

00000000
00000000
00000000
11000000
11000000
10000000
10000000
11100000

00000110
00000011
00000111
00011100
00011000
00000000
00000000
00000000

11000000
11000000
00000000
00000000
00000000
00000000
00000000
00000000

00000000
00000000
00000000
00000000
01010000
01010000
01111100
00000000

00000000
11111000
10100000
10100000
10000000
10000000
00000000
00000000

00000000
00000000
00111010
00001010
00111110
00001010
00001010
00000000

00000000
00000000
00000000
00000000
00100000
00101000
11111000
00000000

00000100
00000000
00000000
00000000
00000000
00000000
00000000
00000000

00000000
00000000
00000000
00101000
00101000
11111110
00001000
00001000

00000000
00000000
00000000
00000000
00000000
00000000
00000011
00000111

00000000
00000000
10000000
10010000
11111000
01111000
01100000
00100000

00000110
00000010
00000000
00000000
00000000
00000000
00000000
00000000

00000000
11110000
10000000
11100000
10000000
10000000
00000000
00000000

00000000
00000011
00000001
00000001
00000000
00000000
00000000
00000000

00000000
00000000
00000000
11100000
11100000
01000000
01110000
00010000

00000000
10000000
10000000
11100000
10000000
11100000
10000000
11111000

00000000
01111111
01010100
01010111
00000000
00000000
00000000
00000000

00001010
00001010
00111110
00001010
00001010
00000000
00000000
00000000

00000000
00000000
11110000
10011000
11001000
00000000
00000000
00000000

00000100
00000100
01111111
00010100
00010100
00000000
00000000
00000000

00000111
00001101
00000101
00000000
00000000
00000000
00000000
00000000

00000000
00000000
00000000
00000000
00000000
00111000
00111000
00111100

00000000
00000000
00000000
00000000
00000000
00000000
11000000
11110000

00000000
00000000
00000000
00001010
00001010
00111110
00001010
00111010

00000000
00000000
00000000
00000000
00000011
00000011
00000110
00000100

00000000
01110000
01000000
01110000
01000000
01110000
00000000
00000000

00000000
00000000
00000000
00000000
00000000
11000000
01100000
11100000

00000000
00000000
00000000
00000001
00000001
00000111
00111111
00100011

00000000
00000000
00010000
00010000
01111100
00000000
00000000
00000000

00000000
00000000
00000000
00000000
00011000
01111000
01000000
01000000

00000000
00000000
00100000
11111000
00100000
11111000
00100000
00100000

00000000
00000000
00000000
00000000
00000000
10000000
10000000
11100000

00000000
00000000
10000000
10000000
11000000
10000000
10000000
00000000

00000000
00000000
00000000
00000000
01100000
00000000
00000000
00000000

00000000
01111111
00000100
00011111
00000100
00000100
00000000
00000000

00000000
00000000
11111000
00100000
00100000
00000000
00000000
00000000

11000000
11100000
00110000
00000000
00000000
00000000
00000000
00000000

00000000
01000000
11000000
00000000
00000000
00000000
00000000
00000000

00000000
00000000
00000000
00000000
00000000
11110000
10000000
11000000

00011000
11111000
00001000
00001000
00011000
00000000
00000000
00000000

00000000
00000111
00000001
00000001
00000000
00000000
00000000
00000000

00000000
00000010
00000010
00001010
00001010
00111110
00001010
00001010

00000000
00000000
00000000
00000000
00000000
00000000
00110000
00100000

00000000
00000000
00000000
00000000
00000000
00000110
00000100
00000000

00000000
00000000
00000000
00000000
01111100
00011000
00011100
00011100

00000000
00000000
00000000
00000000
00000001
00001011
00001110
00001100

00000000
00000011
00000111
00000110
00000110
00000000
00000000
00000000

01000000
01000000
01110000
01000000
01110000
01000000
01000000
00000000

00000100
00000100
00001100
00000000
00000000
00000000
00000000
00000000

00000000
00000000
00000000
01110000
11000000
00000000
00000000
00000000

00000000
00000000
00000000
00100000
00101000
11111000
00100000
11111000

00000000
00000000
00000000
00000000
00000000
00000000
00000000
00111100

00000000
00000000
00000000
00000000
10000000
11000000
11000000
00000000

00000000
00000000
00000000
00010000
00010000
01111100
00010000
00010000

00011000
00011000
00010000
00010000
00011000
00000000
00000000
00000000

00000000
00000000
00010000
00000000
00000000
00000000
00000000
00000000

00001010
00001010
00001110
00001010
00001010
00000010
00001110
00000000

00000000
00000000
00000000
00000000
00000000
00000011
00000111
00001100

01111111
00000001
00000111
00000001
00000001
00000000
00000000
00000000

00000000
00000000
00010000
00000000
00000000
00000000
00000000
00000000

00000000
00000000
01000000
01110000
00000000
00000000
00000000
00000000

00000000
00000000
00000000
10100000
10110000
10110000
11110000
00000000

01100000
01100000
11100000
00000000
00000000
00000000
00000000
00000000

00000000
00000000
00000000
00000000
00000000
00000010
00000000
00000000

00100000
00110000
00000000
00000000
00000000
00000000
00000000
00000000

00000000
00000000
00000000
00000000
00000000
01000000
01000000
01111000

00000000
01000000
01000000
01000000
00000000
00000000
00000000
00000000

00000000
00000000
00000000
11000000
10000000
00000000
00000000
00000000

01110000
00010000
00000000
00000000
00000000
00000000
00000000
00000000

00000000
00000000
00000000
00000000
00000000
00011010
00001110
00000110

00000000
10000000
10000000
11100000
10000000
10100000
10100000
11111000

00000000
00000000
00110000
00010000
00010000
00000000
00000000
00000000

00000000
01110000
00010000
00110000
00110000
00000000
00000000
00000000

00000000
00000000
00000000
00000000
00000000
00001000
00001000
00011000

00000000
00000000
00000000
00011100
00110000
00100000
01110000
01110000

00000000
00000000
00000000
11001000
11111000
00000000
00000000
00000000

00000000
00000000
10000000
10100000
10100000
11111000
00100000
11111000

00000000
00000000
00000000
00000000
00000000
00001000
00111111
00110000

00000000
00000000
00000000
00000000
01010000
01010100
01111100
00000000

00000000
00000000
10000000
10000000
10100000
11100000
10000000
00000000

00000000
00000000
00100000
00100000
00100000
00000000
00000000
00000000

00000000
00000000
00000000
00000000
00000000
00000000
01110010
01011110

00000000
11111110
00100010
00101110
00100010
00000010
00000000
00000000

00000000
10000000
10100000
10100000
11111000
00100000
11111000
00000000

01111100
01010000
01010000
01000000
00000000
00000000
00000000
00000000

00000000
00000000
00000000
00000000
00000000
00000001
00000001
00011111

00000000
11110000
00000000
00000000
00000000
00000000
00000000
00000000

00000000
10000000
11000000
11000000
00000000
00000000
00000000
00000000

00000000
11110000
10100000
10100000
00000000
00000000
00000000
00000000

00100000
00100000
00100000
00110000
00011100
00000000
00000000
00000000

01111100
00010000
01110000
00010000
00010000
00000000
00000000
00000000

00000000
00000000
00000000
10000000
10000000
11101000
10001000
11111110

01111100
00010000
01111100
00010000
00010000
00000000
00000000
00000000

00011100
00011110
00000000
00000000
00000000
00000000
00000000
00000000

00000000
00000000
00100000
00100000
10110000
10100000
11111000
00000000

01111110
00101000
00101000
00000000
00000000
00000000
00000000
00000000

00000000
00000000
00000000
00000001
00000111
00000001
00000111
00000000

00011111
00000101
00000100
00000000
00000000
00000000
00000000
00000000

00000000
00000000
01000000
11000000
11000000
00000000
00000000
00000000

00000000
00000000
00000000
00000000
00000000
00001000
00000000
00000000

11000000
11000000
10000000
10110000
10100000
11100000
00000000
00000000

00000000
00000000
00000000
00000000
00000000
00000000
00100000
00000000

00000000
00000000
10000000
00000000
00000000
00000000
00000000
00000000

00000000
00000000
00000000
00000000
00000000
00000000
11111100
00001100

00000011
00000001
00000000
00000000
00000000
00000000
00000000
00000000

00000000
00000000
00000000
00000000
00000000
00010000
00011000
00001100

00000000
00000000
00000000
00000000
00000000
00000000
00000010
00000011

00000000
00000000
00000000
00000000
00000001
00000011
00011111
00011000

11111100
11000110
01100000
00000000
00000000
00000000
00000000
00000000

00000000
11111000
00100000
11111100
00101000
00101000
00000000
00000000

00000000
01110000
01000000
01110000
01000000
01000000
00000000
00000000

00011000
00010000
01111100
00010000
00010000
00000000
00000000
00000000

00000000
00000000
00000000
00000111
00000001
00000001
00000000
00000000

01111111
00010100
00010100
00000000
00000000
00000000
00000000
00000000

00000000
00000111
00000001
00000111
00000001
00000111
00000001
00000001

00000000
00000000
00000000
00000000
00000010
00001110
00000010
00001110

00000000
00000000
00000000
00000000
00000011
00000001
00000001
00000000

00000110
00000010
00001110
00000010
00000010
00000000
00000000
00000000

00000000
00000000
00000010
00000010
00011110
00000010
00000010
00000000

00000000
00000000
00000000
00000000
00010000
00011100
00000000
00000000

00000000
00011111
00010001
00010111
00000001
00000001
00000000
00000000

00000000
00000000
00000000
00010000
00010000
00010000
00110000
00000000

01000000
01000000
01100000
01000000
01110000
01000000
01000000
00000000

11000000
11000000
10000000
11000000
11000000
00000000
00000000
00000000

00000000
00000000
00000000
00000000
00000000
00010101
00010101
01111111

00000000
00001010
00001010
00111110
00000010
00001110
00000010
00000010

00000000
00000000
00001010
00001010
00001110
00001010
11111010
00000000

00000000
00000000
00110000
00111100
01100000
00000000
00000000
00000000

00000000
00000000
00000000
00001000
00001000
00111000
00001000
00001000

00000000
01000000
01000000
01110000
01000000
01000000
00000000
00000000

00000000
00000000
01100000
00000000
00000000
00000000
00000000
00000000

00000001
00000011
00000011
00000001
00000000
00000000
00000000
00000000

00000000
00000000
11000000
11000000
00000000
00000000
00000000
00000000

00000000
00000000
00000100
00000100
00000100
00011100
00011000
00000000

00001010
00001010
00011110
00001010
00001010
00000000
00000000
00000000

00000000
00000000
00000000
00000000
01001000
01111000
01110000
00110000

00000000
00000000
00000000
10000000
10000000
11000000
00000000
00000000

00000000
00000000
00000000
00000000
00000000
11100000
10000000
11000000

00111110
00001000
00001000
00000000
00000000
00000000
00000000
00000000

00000000
00000000
00000110
00000100
00000100
00000000
00000000
00000000

00000000
10000000
10000000
10000000
10000000
10100000
10100000
11111000

00000000
00011111
00000100
00011111
00000100
00000100
00000000
00000000

00000000
00000000
00000000
00000000
00000100
00001100
00000000
00000000

00000000
00000000
00100000
00000000
00000000
00000000
00000000
00000000

00000000
00000000
00000000
00001101
00011111
00011110
00000000
00000000

01110000
01000000
01110000
01000000
01110000
01000000
01100000
00000000

00000000
00000000
00011100
00011100
00011000
00001100
00001100
00000000

00000000
11111110
10101000
10101100
00000000
00000000
00000000
00000000

00000000
00000000
00000000
00000000
00000100
00011100
00000000
00000000

00000000
00000000
00000000
00000010
00000010
00001110
00000010
00000000

00001000
00011000
00000000
00000000
00000000
00000000
00000000
00000000

00000000
00000000
00000000
00001111
00000001
00000001
00000011
00000011

00000111
00000001
00000001
00000011
00000011
00000000
00000000
00000000

00000000
00000000
00000000
00000000
00001000
00011000
00010000
00000000

00011000
00011000
00000000
00000000
00000000
00000000
00000000
00000000

00000000
00000000
00000000
00010000
00010000
00011100
00010000
00010000

00000000
11111100
11110000
00000000
00000000
00000000
00000000
00000000

00000000
00010000
01010000
01111100
00010000
00010000
00000000
00000000

00000000
00000000
00000000
00000000
00000000
00000000
01000000
00000000

00000000
00000000
00000100
00000111
00000001
00000011
00000001
00000000

00000000
00000000
00000000
00000000
10101000
10101010
11111110
00000000

00000000
00000010
00000010
00001110
00000010
00001110
00000010
00001110

00000000
00000000
00000000
00000000
00000001
00000111
00000001
00000111

00000000
00000000
00000000
00000011
00000010
00000000
00000000
00000000

00001101
00001101
00000111
00000011
00000000
00000000
00000000
00000000

00000000
00000000
00000001
00000001
00000011
00000000
00000000
00000000

00000000
00000000
00000000
11100000
10000000
11100000
10000000
10000000

01111111
00000100
00011111
00000100
00000100
00000000
00000000
00000000

00000000
10000000
11100000
10000000
10000000
10110000
11100000
00000000

00000000
00000000
00000000
10000000
10000000
11100000
00000000
00000000

00000000
00000000
00000000
00000000
00000000
00000111
00000001
00000001

00000000
00000000
00100000
00100000
11111000
00100000
11111000
00000000

01111100
01010000
01010000
01000000
00000000
00000000
00000000
00000000

00000000
00000000
00000000
00000000
00111100
00100000
01100000
00000000

00000000
00000000
00000000
00000000
00000101
00000101
00011111
00000000

00000000
00000000
00000000
00000000
00000000
00000000
00000000
00000010

11111000
00100000
00111000
00100000
00000000
00000000
00000000
00000000

00000000
00000000
00000000
00000000
00000000
01110000
01100000
01110000

00000000
10000000
10000000
10100000
10100000
11111000
10100000
10100000

00000000
00000000
00000000
00000000
00000000
00000010
00000000
00000000

00100000
00100000
00100000
00000000
00000000
00000000
00000000
00000000

00000000
11000000
01000000
00000000
00000000
00000000
00000000
00000000
