00000000000000010000000000000000
00000000000000010000000000000000
00000000000000010000000000000000
00000000000000010000000000000000
00000000000000010000000000000000
00000000000000010000000000000000
00000000000000010000000000000000
00000000000000010000000000000000
00000000000000010000000000000000
00000000000000010000000000000000
00000000000000010001000000000000
00000000000000010011100000000000
00000000000000010001000000000000
00000000000000010000000000000000
00000000000111111111100000000000
00000000000000000000000000000000
00000000000111111111100000000000
00000000000000010000000000000000
00000000000000010000000000000000
00000000000000010000000000000000
00000000000000010000000000000000
00000000000000010000000000000000
00000000000000010000000000000000
00000000000000010000000000000000
00000000000000010000000000000000
00000000000000010000000000000000
00000000000000010000000000000000
00000000000000010000000000000000
00000000000000010000000000000000
00000000000000010000000000000000
00000000000000010000000000000000
00000000000000010000000000000000

223
10000000
00000000
00000000
00000000
00000000
00000000
00000000
00000000

10000000
00000000
00000000
00000000
00000000
00000000
00000000
00000000

10000000
00000000
00000000
00000000
00000000
00000000
00000000
00000000

10000000
00000000
00000000
00000000
00000000
00000000
00000000
00000000

00000000
01110010
00111110
00001100
00000100
00000100
00000100
00000000

00000000
00000000
00000000
00000000
00001110
00000010
00000111
00000100

00000111
00000011
00000011
00000011
00000011
00000000
00000000
00000000

11100000
11000000
11110000
11000000
00000000
00000000
00000000
00000000

00000000
00000000
00000000
00000000
00001110
00000010
00000011
00000000

00000000
00000000
00000000
00000000
00000110
00000110
00001110
00001110

00000000
00000000
00011100
00001110
00111110
00001100
00000100
00000000

11110000
11100000
11100000
01100000
01110000
01000000
00000000
00000000

00000000
00000000
00000000
01111000
01001000
11001000
00011000
00000000

00000000
00000000
00000000
00000000
00000000
00001110
00000110
00000100

00000000
00111000
00100000
00100000
00100010
00111110
00000000
00000000

00000000
00000000
00000000
00100000
11100000
01000000
01110000
11000000

00000100
00000111
00011100
01110000
00000000
00000000
00000000
00000000

11111100
11101110
00001110
00000010
00000000
00000000
00000000
00000000

00000000
00111000
00111000
00100000
00110000
00000000
00000000
00000000

00000000
00000000
00000000
00000001
00000101
00000111
00000111
00001111

00000000
00000000
00000000
00000000
10000000
11111100
11111000
11110000

00000000
00000000
00100000
00110000
00010000
00111000
11111000
11100000

00000000
00000000
00000000
00000000
00000000
11000000
11110000
00011000

00000000
00000000
00000000
01000000
01000000
11010000
11110000
11111000

00001110
00001000
00011100
00000000
00000000
00000000
00000000
00000000

00000000
00000000
01011000
11110000
00111000
00000000
00000000
00000000

00000000
00000000
00000000
00000000
01100000
01111000
01100000
00000000

00000000
00000111
00000001
00000011
00000111
00000010
00000000
00000000

00000000
00000000
01000000
01101000
01111000
00000000
00000000
00000000

00011000
00111110
00001100
00000000
00000000
00000000
00000000
00000000

00000000
00000000
00000000
00000000
00000011
00000111
00000001
00000011

00000000
00000000
10000000
11100000
01111000
00011100
00110000
00111000

00000000
00000000
00000000
00000000
00000000
00111000
00011000
00110000

00000000
00000000
00011000
00011000
00010000
00011110
00001010
00000000

00000000
00000000
00000000
00000000
00000111
00001111
00001000
00001110

00000000
00000000
00000000
00000000
00111100
00111100
00110000
00000000

00100100
01111110
00001100
00111100
00000000
00000000
00000000
00000000

00000000
01110000
01111000
01111000
00100000
00100000
00000000
00000000

00000000
00000000
00010000
01111000
01110000
00010000
00000000
00000000

00000000
00000000
00111000
00101000
00101000
00101100
00000000
00000000

11110000
11100000
11110000
01100000
01000000
00000000
00000000
00000000

00000000
00000000
00000000
00000000
01110000
00110000
01111000
11111000

00000000
00000000
00000000
00001100
00000100
00011111
00000110
00001100

00000000
00000000
00100000
00111000
00100000
00111000
00001000
00011100

00000000
00000000
00000000
01010000
11111000
00101000
00000000
00000000

11000000
11110000
11100000
11000000
00000000
00000000
00000000
00000000

00000000
00000000
00000000
00111000
11110000
10000000
11000000
00000000

00000000
00000000
00000000
00000000
00000100
00111100
01100000
11000000

00000000
00000000
00000000
00100000
00111000
00100000
10100100
11111100

00000000
00000000
00000000
01111000
01001000
01100000
01110000
00000000

00000000
00000100
00001101
00001111
00000111
00000110
00000000
00000000

00000000
00000000
00000000
00000000
00000000
00000000
00011110
00001110

00010000
00110000
00111100
00011110
00011010
00010000
00000000
00000000

00000000
00000000
00010000
00011000
00011000
00111000
00000000
00000000

00000000
00000000
00000000
00111100
00001000
00011110
00000000
00000000

00000000
00000000
10100000
11111000
10000000
11100000
00000000
00000000

00011111
00010111
00000101
00000000
00000000
00000000
00000000
00000000

00000000
00000000
00000000
01110000
00011000
00011100
00001100
00001000

00000000
00000000
00000000
00100000
01111100
00110000
00000000
00000000

00000000
00000001
00000111
00001111
00000011
00000001
00000001
00000111

00000000
00000101
00001111
00001000
00000000
00000000
00000000
00000000

00000000
00000000
00000000
00000101
00000111
00000100
00011110
00000110

00000000
00000000
01100000
00100000
11111000
00010000
00000000
00000000

00000000
00001000
00011110
00110010
00000000
00000000
00000000
00000000

00000000
00100000
00100000
00111000
00110000
00110000
00111000
00110000

00000000
00000000
00000000
10000000
11100000
11000000
00000000
00000000

00000000
00000000
00100000
10100000
11111000
00010000
00000000
00000000

00000000
00000000
00000010
00000110
01111110
00001100
00001110
00000110

00000000
00000000
00000000
00000000
00000000
00011100
00011100
01111000

00000000
00000000
00000000
00000000
00011000
00011000
11111000
11000000

00000000
00011100
00000100
00110100
00010100
00010100
00011100
00000000

00000000
00011000
00011000
00111000
00011000
00011000
00011000
00000000

00000000
00001000
00001100
00011000
00011110
00001111
00000100
00000000

10000000
11110000
10100000
00100000
00100000
00000000
00000000
00000000

00001110
00011110
00111110
00001110
00000000
00000000
00000000
00000000

00100000
01110000
01111000
00000000
00000000
00000000
00000000
00000000

00000000
00000000
01111000
01001000
01011000
01000000
01111000
00000000

00000100
01110110
00111111
00001101
00000100
00000000
00000000
00000000

00000000
00000000
00000000
00000000
00001110
00000010
00000111
00000100

00000111
00000011
00000011
00000011
00000011
00000000
00000000
00000000

11100000
11000000
11110000
11000000
00000000
00000000
00000000
00000000

00000000
00000000
00000000
00000000
00001110
00000010
00000011
00000000

00000000
00000000
00000000
00000000
00000110
00000110
00001110
00001110

00000000
00000000
00011100
00001110
00111110
00001100
00000100
00000000

11110000
11100000
11100000
01100000
01110000
01000000
00000000
00000000

00000000
00000000
00000000
01111000
01001000
11001000
00011000
00000000

00000000
00000000
00000000
00000000
00000000
00001110
00000110
00000100

00000000
00111000
00100000
00100000
00100010
00111110
00000000
00000000

00000000
00000000
00000000
00100000
11100000
01000000
01110000
11000000

00000100
00000111
00011100
01110000
00000000
00000000
00000000
00000000

11111100
11101110
00001110
00000010
00000000
00000000
00000000
00000000

00000000
00111000
00111000
00100000
00110000
00000000
00000000
00000000

00000000
00000000
00000000
00000001
00000101
00000111
00000111
00001111

00000000
00000000
00000000
00000000
10000000
11111100
11111000
11110000

00000000
00000000
00100000
00110000
00010000
00111000
11111000
11100000

00000000
00000000
00000000
00000000
00000000
11000000
11110000
00011000

00000000
00000000
00000000
01000000
01000000
11010000
11110000
11111000

00001110
00001000
00011100
00000000
00000000
00000000
00000000
00000000

00000000
00000000
01011000
11110000
00111000
00000000
00000000
00000000

00000000
00000000
00000000
00000000
01100000
01111000
01100000
00000000

00000000
00000111
00000001
00000011
00000111
00000010
00000000
00000000

00000000
00000000
01000000
01101000
01111000
00000000
00000000
00000000

00011000
00111110
00001100
00000000
00000000
00000000
00000000
00000000

00000000
00000000
00000000
00000000
00000011
00000111
00000001
00000011

00000000
00000000
10000000
11100000
01111000
00011100
00110000
00111000

00000000
00000000
00000000
00000000
00000000
00111000
00011000
00110000

00000000
00000000
00011000
00011000
00010000
00011110
00001010
00000000

00000000
00000000
00000000
00000000
00000111
00001111
00001000
00001110

00000000
00000000
00000000
00000000
00111100
00111100
00110000
00000000

00100100
01111110
00001100
00111100
00000000
00000000
00000000
00000000

00000000
01110000
01111000
01111000
00100000
00100000
00000000
00000000

00000000
00000000
00010000
01111000
01110000
00010000
00000000
00000000

00000000
00000000
00111000
00101000
00101000
00101100
00000000
00000000

11110000
11100000
11110000
01100000
01000000
00000000
00000000
00000000

00000000
00000000
00000000
00000000
01110000
00110000
01111000
11111000

00000000
00000000
00000000
00001100
00000100
00011111
00000110
00001100

00000000
00000000
00100000
00111000
00100000
00111000
00001000
00011100

00000000
00000000
00000000
01010000
11111000
00101000
00000000
00000000

11000000
11110000
11100000
11000000
00000000
00000000
00000000
00000000

00000000
00000000
00000000
00111000
11110000
10000000
11000000
00000000

00000000
00000000
00000000
00000000
00000100
00111100
01100000
11000000

00000000
00000000
00000000
00100000
00111000
00100000
10100100
11111100

00000000
00000000
00000000
01111000
01001000
01100000
01110000
00000000

00000000
00000100
00001101
00001111
00000111
00000110
00000000
00000000

00000000
00000000
00000000
00000000
00000000
00000000
00011110
00001110

00010000
00110000
00111100
00011110
00011010
00010000
00000000
00000000

00000000
00000000
00010000
00011000
00011000
00111000
00000000
00000000

00000000
00000000
00000000
00111100
00001000
00011110
00000000
00000000

00000000
00000000
10100000
11111000
10000000
11100000
00000000
00000000

00011111
00010111
00000101
00000000
00000000
00000000
00000000
00000000

00000000
00000000
00000000
01110000
00011000
00011100
00001100
00001000

00000000
00000000
00000000
00100000
01111100
00110000
00000000
00000000

00000000
00000001
00000111
00001111
00000011
00000001
00000001
00000111

00000000
00000101
00001111
00001000
00000000
00000000
00000000
00000000

00000000
00000000
00000000
00000101
00000111
00000100
00011110
00000110

00000000
00000000
01100000
00100000
11111000
00010000
00000000
00000000

00000000
00001000
00011110
00110010
00000000
00000000
00000000
00000000

00000000
00100000
00100000
00111000
00110000
00110000
00111000
00110000

00000000
00000000
00000000
10000000
11100000
11000000
00000000
00000000

00000000
00000000
00100000
10100000
11111000
00010000
00000000
00000000

00000000
00000000
00000010
00000110
01111110
00001100
00001110
00000110

00000000
00000000
00000000
00000000
00000000
00011100
00011100
01111000

00000000
00000000
00000000
00000000
00011000
00011000
11111000
11000000

00000000
00011100
00000100
00110100
00010100
00010100
00011100
00000000

00000000
00011000
00011000
00111000
00011000
00011000
00011000
00000000

00000000
00001000
00001100
00011000
00011110
00001111
00000100
00000000

10000000
11110000
10100000
00100000
00100000
00000000
00000000
00000000

00001110
00011110
00111110
00001110
00000000
00000000
00000000
00000000

00100000
01110000
01111000
00000000
00000000
00000000
00000000
00000000

00000000
00000000
01111000
01001000
01011000
01000000
01111000
00000000

00000100
01110110
00111111
00001101
00000100
00000000
00000000
00000000

00000000
00000000
00000000
00000000
00001110
00000010
00000111
00000100

00000111
00000011
00000011
00000011
00000011
00000000
00000000
00000000

11100000
11000000
11110000
11000000
00000000
00000000
00000000
00000000

00000000
00000000
00000000
00000000
00001110
00000010
00000011
00000000

00000000
00000000
00000000
00000000
00000110
00000110
00001110
00001110

00000000
00000000
00011100
00001110
00111110
00001100
00000100
00000000

11110000
11100000
11100000
01100000
01110000
01000000
00000000
00000000

00000000
00000000
00000000
01111000
01001000
11001000
00011000
00000000

00000000
00000000
00000000
00000000
00000000
00001110
00000110
00000100

00000000
00111000
00100000
00100000
00100010
00111110
00000000
00000000

00000000
00000000
00000000
00100000
11100000
01000000
01110000
11000000

00000100
00000111
00011100
01110000
00000000
00000000
00000000
00000000

11111100
11101110
00001110
00000010
00000000
00000000
00000000
00000000

00000000
00111000
00111000
00100000
00110000
00000000
00000000
00000000

00000000
00000000
00000000
00000001
00000101
00000111
00000111
00001111

00000000
00000000
00000000
00000000
10000000
11111100
11111000
11110000

00000000
00000000
00100000
00110000
00010000
00111000
11111000
11100000

00000000
00000000
00000000
00000000
00000000
11000000
11110000
00011000

00000000
00000000
00000000
01000000
01000000
11010000
11110000
11111000

00001110
00001000
00011100
00000000
00000000
00000000
00000000
00000000

00000000
00000000
01011000
11110000
00111000
00000000
00000000
00000000

00000000
00000000
00000000
00000000
01100000
01111000
01100000
00000000

00000000
00000111
00000001
00000011
00000111
00000010
00000000
00000000

00000000
00000000
01000000
01101000
01111000
00000000
00000000
00000000

00011000
00111110
00001100
00000000
00000000
00000000
00000000
00000000

00000000
00000000
00000000
00000000
00000011
00000111
00000001
00000011

00000000
00000000
10000000
11100000
01111000
00011100
00110000
00111000

00000000
00000000
00000000
00000000
00000000
00111000
00011000
00110000

00000000
00000000
00011000
00011000
00010000
00011110
00001010
00000000

00000000
00000000
00000000
00000000
00000111
00001111
00001000
00001110

00000000
00000000
00000000
00000000
00111100
00111100
00110000
00000000

00100100
01111110
00001100
00111100
00000000
00000000
00000000
00000000

00000000
01110000
01111000
01111000
00100000
00100000
00000000
00000000

00000000
00000000
00010000
01111000
01110000
00010000
00000000
00000000

00000000
00000000
00111000
00101000
00101000
00101100
00000000
00000000

11110000
11100000
11110000
01100000
01000000
00000000
00000000
00000000

00000000
00000000
00000000
00000000
01110000
00110000
01111000
11111000

00000000
00000000
00000000
00001100
00000100
00011111
00000110
00001100

00000000
00000000
00100000
00111000
00100000
00111000
00001000
00011100

00000000
00000000
00000000
01010000
11111000
00101000
00000000
00000000

11000000
11110000
11100000
11000000
00000000
00000000
00000000
00000000

00000000
00000000
00000000
00111000
11110000
10000000
11000000
00000000

00000000
00000000
00000000
00000000
00000100
00111100
01100000
11000000

00000000
00000000
00000000
00100000
00111000
00100000
10100100
11111100

00000000
00000000
00000000
01111000
01001000
01100000
01110000
00000000

00000000
00000100
00001101
00001111
00000111
00000110
00000000
00000000

00000000
00000000
00000000
00000000
00000000
00000000
00011110
00001110

00010000
00110000
00111100
00011110
00011010
00010000
00000000
00000000

00000000
00000000
00010000
00011000
00011000
00111000
00000000
00000000

00000000
00000000
00000000
00111100
00001000
00011110
00000000
00000000

00000000
00000000
10100000
11111000
10000000
11100000
00000000
00000000

00011111
00010111
00000101
00000000
00000000
00000000
00000000
00000000

00000000
00000000
00000000
01110000
00011000
00011100
00001100
00001000

00000000
00000000
00000000
00100000
01111100
00110000
00000000
00000000

00000000
00000001
00000111
00001111
00000011
00000001
00000001
00000111

00000000
00000101
00001111
00001000
00000000
00000000
00000000
00000000

00000000
00000000
00000000
00000101
00000111
00000100
00011110
00000110

00000000
00000000
01100000
00100000
11111000
00010000
00000000
00000000

00000000
00001000
00011110
00110010
00000000
00000000
00000000
00000000

00000000
00100000
00100000
00111000
00110000
00110000
00111000
00110000

00000000
00000000
00000000
10000000
11100000
11000000
00000000
00000000

00000000
00000000
00100000
10100000
11111000
00010000
00000000
00000000

00000000
00000000
00000010
00000110
01111110
00001100
00001110
00000110

00000000
00000000
00000000
00000000
00000000
00011100
00011100
01111000

00000000
00000000
00000000
00000000
00011000
00011000
11111000
11000000

00000000
00011100
00000100
00110100
00010100
00010100
00011100
00000000

00000000
00011000
00011000
00111000
00011000
00011000
00011000
00000000

00000000
00001000
00001100
00011000
00011110
00001111
00000100
00000000

10000000
11110000
10100000
00100000
00100000
00000000
00000000
00000000

00001110
00011110
00111110
00001110
00000000
00000000
00000000
00000000

00100000
01110000
01111000
00000000
00000000
00000000
00000000
00000000

00000000
00000000
01111000
01001000
01011000
01000000
01111000
00000000
