00000000000000001111111111111111
00000000000000001111111111111111
01000000000000001111111111111111
00000000000000001111111111111111
00000000000000001111111111111111
00000000000000001111111111111111
00000000000000001111111111111111
00000100000000001111111111111111
00000000000000001111111111111111
00000000000000001111111111111111
00000000000000001111111111111111
00000000010000001111111111111111
11111111111111111111111111111111
11111111111111111111111111111111
11111111111111111111111111111111
11111111111111111111111111111111
11111111111111111111111111111111
11111111111111111111111111111111
11111111111111111111111111111111
11111111111111111111111111111111
11111111111111111111111111111111
11111111111111111111111111111111
11111111111111111111111111111111
11111111111111111111111111111111
11111111111111111111111111111111
11111111111111111111111111111111
11111111111111111111111111111111
11111111111111111111111111111111
11111111111111111111111111111111
11111111111111111111111111111111
11111111111111111111111111111111
11111111111111111111111111111111

4
01000000
01000000
01000000
01000000
01000000
01000000
01110000
00000000

00000000
01100000
01100000
01100000
01100000
00000000
00000000
00000000

00000000
00010000
00010000
01111000
00010000
00000000
00000000
00000000

10000000
11000000
01100000
00110000
00011000
00001100
00000110
00000011
