00000000000000000000000000000000
00000000000111111110000000000000
00000000011111111111100000000000
00000000111111111111110000000000
00000001111111111111111000000000
00000011111111111111111000000000
00000011111111100101111100000000
00000011111110000000111100000000
00000011111110000000001100000000
00000011111110100000001100000000
00000011111011111000111100000000
00000011111000000000011100000000
00000010111001111000111000000000
00000000111000000000100000000000
00000001010000000000000000000000
00000000011000000000000000000000
00000000011000000111000000000000
00000000111000000000000000000000
00000000111000001111000000000000
00000000011100011000100000000000
00000000011110000000000000000000
00000000011111000000000000000000
00000000011111110000000000000000
00000000011001110000000000000000
00000000011000111111000000000000
00000001111000000010000000000000
00000111111110000000110000000000
11111111111111110000011110000000
11111111111111111111111111111100
11111111111111111111111111111111
11111111111111111111111111111111
11111111111111111111111111111111

128
10000000
00000000
00000000
00000000
00000000
00000000
00000000
00000000

10000000
11110000
11000000
01000000
00000000
00000000
00000000
00000000

11110000
00000000
00000000
00000000
00000000
00000000
00000000
00000000

10000000
00000000
00000000
00000000
00000000
00000000
00000000
00000000

00111110
11100010
10000000
00000000
00000000
00000000
00000000
00000000

11000000
00000000
00000000
00000000
00000000
00000000
00000000
00000000

00110000
01100000
11000000
00000000
00000000
00000000
00000000
00000000

11111111
01010110
11010100
00000000
00000000
00000000
00000000
00000000

10000000
10000000
10000000
00000000
00000000
00000000
00000000
00000000

00111100
10010110
11110000
01010000
01000000
00000000
00000000
00000000

00100000
00100000
01100000
01000000
11110000
00000000
00000000
00000000

11111000
10001000
10000000
00000000
00000000
00000000
00000000
00000000

11000000
01111111
00101000
00100000
00000000
00000000
00000000
00000000

11101010
01111111
11000000
00000000
00000000
00000000
00000000
00000000

00100000
11110000
01000000
00000000
00000000
00000000
00000000
00000000

10000000
00000000
00000000
00000000
00000000
00000000
00000000
00000000

00100000
01100000
01000000
11100000
00000000
00000000
00000000
00000000

11000000
00000000
00000000
00000000
00000000
00000000
00000000
00000000

00100000
00101000
01111000
11000000
10000000
00000000
00000000
00000000

10000000
11000000
01111000
01000000
00000000
00000000
00000000
00000000

00100000
00110000
01100000
11000000
01100000
00000000
00000000
00000000

11000000
00000000
00000000
00000000
00000000
00000000
00000000
00000000

11000000
10000000
00000000
00000000
00000000
00000000
00000000
00000000

11001110
11111110
01100000
00000000
00000000
00000000
00000000
00000000

00100000
01110000
00110000
11110000
01110000
00000000
00000000
00000000

00001110
11111000
00110000
00000000
00000000
00000000
00000000
00000000

01000000
01100000
11000000
01100000
00000000
00000000
00000000
00000000

00100000
01110000
00110000
11100000
00000000
00000000
00000000
00000000

10000000
00000000
00000000
00000000
00000000
00000000
00000000
00000000

10100000
11100000
11100000
00000000
00000000
00000000
00000000
00000000

11110000
10110000
10010000
10000000
11100000
00000000
00000000
00000000

10000000
00000000
00000000
00000000
00000000
00000000
00000000
00000000

11100000
11100000
00000000
00000000
00000000
00000000
00000000
00000000

11000011
11111111
10011001
00000000
00000000
00000000
00000000
00000000

11000000
00000000
00000000
00000000
00000000
00000000
00000000
00000000

11100000
10000000
00000000
00000000
00000000
00000000
00000000
00000000

11000000
11000000
00000000
00000000
00000000
00000000
00000000
00000000

00011000
11110000
01010000
00000000
00000000
00000000
00000000
00000000

00100000
01100000
11000000
00000000
00000000
00000000
00000000
00000000

10000000
10000000
10000000
00000000
00000000
00000000
00000000
00000000

11100000
10000000
00000000
00000000
00000000
00000000
00000000
00000000

00000010
00111111
01100000
11100000
00000000
00000000
00000000
00000000

00101000
00111000
11100000
00100000
01100000
00000000
00000000
00000000

11000000
00000000
00000000
00000000
00000000
00000000
00000000
00000000

11100000
01000000
00000000
00000000
00000000
00000000
00000000
00000000

00011000
11110000
11010000
11000000
01000000
00000000
00000000
00000000

01111110
11000010
01000000
01000000
01000000
00000000
00000000
00000000

11001100
01111100
00010000
00110000
00000000
00000000
00000000
00000000

00110000
00110000
11100000
00000000
00000000
00000000
00000000
00000000

01111000
01000000
11100000
01000000
00000000
00000000
00000000
00000000

11110000
00000000
00000000
00000000
00000000
00000000
00000000
00000000

10000000
11111000
01101000
11000000
01100000
00000000
00000000
00000000

11000000
00000000
00000000
00000000
00000000
00000000
00000000
00000000

00100000
01111110
11100011
00000000
00000000
00000000
00000000
00000000

10000000
10000000
10000000
00000000
00000000
00000000
00000000
00000000

11111100
00000000
00000000
00000000
00000000
00000000
00000000
00000000

11111110
11110100
11110000
00000000
00000000
00000000
00000000
00000000

00111100
01100000
01000000
11111110
01000000
00000000
00000000
00000000

11100000
01111100
01001000
01000000
11000000
00000000
00000000
00000000

00010000
00011100
00010110
00110000
11110000
00000000
00000000
00000000

11111000
00011000
01111000
11010000
10000000
00000000
00000000
00000000

10000000
00000000
00000000
00000000
00000000
00000000
00000000
00000000

10000000
11110000
11100000
11000000
01000000
00000000
00000000
00000000

00011100
01111000
01000000
11000000
00000000
00000000
00000000
00000000

01101111
11111101
10100001
00000000
00000000
00000000
00000000
00000000

00110000
01100000
11000000
00000000
00000000
00000000
00000000
00000000

11111000
10000000
10000000
10000000
00000000
00000000
00000000
00000000

11000000
01100000
01111000
01000000
01000000
01000000
00000000
00000000

00100000
00110000
11100000
01000000
01110000
00100000
00000000
00000000

11000000
10000000
11000000
00000000
00000000
00000000
00000000
00000000

10000000
10000000
10000000
10000000
10000000
00000000
00000000
00000000

10000000
00000000
00000000
00000000
00000000
00000000
00000000
00000000

01100000
00100000
01100000
01000000
01000000
11000000
00000000
00000000

01100000
01000000
01100000
11000000
10000000
10000000
00000000
00000000

01110000
11010000
00000000
00000000
00000000
00000000
00000000
00000000

11110010
11111110
11010000
10000000
00000000
00000000
00000000
00000000

11100000
01100000
11100000
10000000
00000000
00000000
00000000
00000000

10000000
00000000
00000000
00000000
00000000
00000000
00000000
00000000

10000000
10000000
10000000
00000000
00000000
00000000
00000000
00000000

11000000
10000000
00000000
00000000
00000000
00000000
00000000
00000000

00011000
11111110
01010010
00000000
00000000
00000000
00000000
00000000

01011111
01111010
11100010
10000000
00000000
00000000
00000000
00000000

01110000
01000000
11100000
00000000
00000000
00000000
00000000
00000000

11100000
11000000
10000000
00000000
00000000
00000000
00000000
00000000

00100000
00100000
01110000
11000000
01000000
00000000
00000000
00000000

00001000
01111000
11010000
01000000
11110000
00000000
00000000
00000000

11110000
00000000
00000000
00000000
00000000
00000000
00000000
00000000

00010000
00011100
00110000
11100000
01000000
00000000
00000000
00000000

00111100
11100100
00000000
00000000
00000000
00000000
00000000
00000000

11000000
10000000
00000000
00000000
00000000
00000000
00000000
00000000

00111000
01110000
11100000
01100000
11000000
00000000
00000000
00000000

11100000
10000000
00000000
00000000
00000000
00000000
00000000
00000000

10110000
11110000
10100000
00100000
00000000
00000000
00000000
00000000

11000000
00000000
00000000
00000000
00000000
00000000
00000000
00000000

11000000
01111110
11000000
00000000
00000000
00000000
00000000
00000000

01111110
00101000
11101100
01000000
00000000
00000000
00000000
00000000

11001011
01111110
11100011
00000000
00000000
00000000
00000000
00000000

11111100
11010100
11000000
00000000
00000000
00000000
00000000
00000000

01000000
11111000
01100000
00000000
00000000
00000000
00000000
00000000

01100000
01000000
11000000
00000000
00000000
00000000
00000000
00000000

11111111
11110100
01100100
00000000
00000000
00000000
00000000
00000000

00010000
10011000
11110000
11000000
00000000
00000000
00000000
00000000

00100000
11100000
01000000
01000000
01000000
00000000
00000000
00000000

00100000
11110000
01011100
01000000
00000000
00000000
00000000
00000000

11110000
00000000
00000000
00000000
00000000
00000000
00000000
00000000

10000000
10000000
10000000
10000000
10000000
00000000
00000000
00000000

00000100
11111100
10000000
11000000
00000000
00000000
00000000
00000000

10000000
00000000
00000000
00000000
00000000
00000000
00000000
00000000

01000000
11110000
11000000
10000000
10000000
10000000
10000000
00000000

01110000
01011000
11000000
10000000
11110000
00000000
00000000
00000000

00100000
01100000
00111000
00101000
11100000
00000000
00000000
00000000

01100000
01000000
11000000
00000000
00000000
00000000
00000000
00000000

11110000
01100000
00000000
00000000
00000000
00000000
00000000
00000000

00100000
01100000
11000000
00000000
00000000
00000000
00000000
00000000

11100000
01000000
00000000
00000000
00000000
00000000
00000000
00000000

10000000
00000000
00000000
00000000
00000000
00000000
00000000
00000000

00100000
00100000
00100000
11100000
10000000
11100000
01000000
00000000

11100000
10000000
10000000
00000000
00000000
00000000
00000000
00000000

01000000
11100000
10000000
10000000
00000000
00000000
00000000
00000000

00100000
01111000
01000000
11000000
00000000
00000000
00000000
00000000

11110000
10010000
00000000
00000000
00000000
00000000
00000000
00000000

00100000
01110000
11000000
00000000
00000000
00000000
00000000
00000000

01110000
11100000
00000000
00000000
00000000
00000000
00000000
00000000

10000000
11011100
01010110
01110110
00000000
00000000
00000000
00000000

10000000
10000000
10000000
00000000
00000000
00000000
00000000
00000000

11000000
01111100
11010000
00000000
00000000
00000000
00000000
00000000

00110000
00110000
01110000
01000000
11100000
00000000
00000000
00000000

01111110
11110011
10000000
10000000
00000000
00000000
00000000
00000000
