11111111111111111111111111111111
11111111111110000000111111111111
11111111110000000000000111111111
11000000000000000000000001111111
10000000000000000000000000011111
10000000000000000000000000011111
10000000111111100000000000001111
10000011000000110000000110000111
10000110000000011000001010000111
10000100000000001000001010000011
11000100000000001100010001000011
11000100000000000100110001000011
11000110000000000100100001100011
11000010000000000111000000110001
11000010000000000110000000010001
10000011000000000000000000010001
10000001000000000000000000010011
10000000100000000000000000110011
10000000110000000000000000100011
10000000010000000000000001100011
10000000001000000000000011000011
10000000000000000000000010000011
11000000000000000000001100000011
01000000000000000000110000000011
01000000000000000011100000000001
01000000001111111110000000000001
01100000111000000000000000000001
00100111100000000000000000000001
00011100000000000000000000000001
00000000000000000000000000000011
00000000000000000000000000000011
00000000000000000000000000000111

130
00000000
00000000
00000000
00000000
00000000
00110000
00111100
00000100

00000000
00000000
00000000
00010000
00011100
00011100
00000100
00000000

00000000
00000000
11100000
10100000
10000000
11100000
00000000
00000000

00011000
00010000
00010000
00011000
00000000
00000000
00000000
00000000

00000000
00000000
00000000
00000001
00000001
00111111
00000011
00000000

00000000
00000000
00000000
00000000
00001100
00001000
00000000
00000000

00000000
00000000
00000000
00000000
00000000
00110000
00000000
00000000

00000000
00000000
00000000
00011100
00110100
00000100
00000000
00000000

00000000
00000000
00000000
00000100
00000100
00000100
00100100
00111100

00000000
00000000
00000000
00001100
00001100
00001000
00000000
00000000

00000000
00011000
00011000
00011000
00011100
00010000
00000000
00000000

00000000
00000100
00000100
00000100
00000000
00000000
00000000
00000000

00000000
00000011
00000011
00001111
00001110
00000000
00000000
00000000

00000000
00000000
00000000
00001000
00001000
00001000
00001000
00001000

00000000
00000000
00000000
00000111
00000100
00001100
00001000
00001100

00000000
00000000
00000000
00000000
00000000
11111100
00000110
00000010

11110000
11111000
00100000
00000000
00000000
00000000
00000000
00000000

00000000
00000000
00000000
00000001
00000111
00111111
00000011
00000000

00000000
00000000
00000000
00000000
00001100
00011100
00010000
00000000

00000000
00000000
00111100
00001111
00000111
00000000
00000000
00000000

00000000
00000000
00000000
00010000
00010000
01110000
11110000
00000000

00000000
01110000
01111110
00011000
00000000
00000000
00000000
00000000

00000000
00011000
00011000
00011000
00011110
00000000
00000000
00000000

01100000
00100000
00100000
00100000
00100000
01100000
00000000
00000000

00000000
00000000
00000000
00100000
00100000
00110000
00010000
00000000

00000000
00011110
00111100
00000000
00000000
00000000
00000000
00000000

00000000
00000000
00000000
00000000
00110000
00011000
00000000
00000000

01111000
01111000
01100000
00100000
00100000
00000000
00000000
00000000

00000000
00000011
00000011
00000010
00000010
00000010
00000010
00001110

00000000
00000000
00000000
00000000
00000000
00000100
00001100
00001000

11000000
01000000
01100000
00100000
01100000
00000000
00000000
00000000

00000000
00000000
00000000
01111100
01010000
01000000
01000000
00000000

00000000
00000000
00001000
00011110
00000010
00111110
00000000
00000000

00000000
00000000
00000000
01000000
11000000
10000000
11110000
00000000

00000000
00000000
00000000
00000000
11110000
01100000
01110000
00000000

00000000
00000000
00000000
00000000
00000000
01111000
11000000
00000000

00100000
00100000
11100000
11100000
10000000
11100000
01100000
01100000

00000000
00000000
00000000
00000000
00000100
00000000
00000000
00000000

00111000
00111000
00111110
00111000
00001000
00001000
00000000
00000000

00000000
00000000
00001111
00000111
00000110
00000000
00000000
00000000

00000000
00000000
00010000
00110000
01100000
00000000
00000000
00000000

00010000
00110000
00100000
00100000
00000000
00000000
00000000
00000000

00000000
00110000
00111000
00011000
00000000
00000000
00000000
00000000

00000000
00000000
00111000
00001100
00000100
00001100
00000000
00000000

00000000
00000000
00000000
00011000
00110000
00100000
00000000
00000000

00000000
00000000
00000010
00000011
00000010
00000000
00000000
00000000

00000000
00000000
00000000
00000000
00100000
00111100
00000100
00000000

00000000
00000000
00000000
00000000
00010000
00011000
00111000
00111000

00000000
00000000
00110000
00011100
00011100
00000000
00000000
00000000

00000000
00000000
00000000
00011000
00001000
00001100
00000000
00000000

00000000
00011110
01111100
00000000
00000000
00000000
00000000
00000000

00000000
00000000
00110000
00110000
00010000
01110000
00000000
00000000

00000000
01110000
01000000
01000000
01100000
00100000
00100000
00000000

00000000
00000000
00000000
00110000
00110000
00010000
00010000
00010000

00000000
00000000
00000000
00000000
00000000
00110000
00111000
00110000

00000000
00000000
00000000
00000000
00100000
00000000
00000000
00000000

00000000
00100000
11100000
11000000
01000000
00000000
00000000
00000000

00000000
00000000
00000000
00000000
00001100
00011000
01110000
01000000

00000000
00000000
00001000
00011100
00011100
00001110
00000000
00000000

00000000
00000100
00000100
00000100
00111100
00000000
00000000
00000000

00000000
00000100
00001100
01111000
00000000
00000000
00000000
00000000

00000000
00000000
00000000
00000000
00001000
00000000
00000000
00000000

00000000
00010000
00011100
00001111
00000100
00000000
00000000
00000000

00000000
00000010
00000010
00000010
00010010
00011110
00000000
00000000

00111100
00000100
00000100
00001100
00000000
00000000
00000000
00000000

00000000
00000000
00000000
00000000
00011000
00011000
00000000
00000000

00000000
11110000
11110000
11000000
11000000
01000000
01000000
00000000

00000000
00000000
00000000
00000000
00000000
00110000
00011100
00000000

00000000
00001000
00001000
00001110
00000110
00000110
00000110
00000000

00000000
00000000
00000000
01100000
11000000
10000000
10000000
10000000

00000000
00000000
01110000
00011100
00000100
00000000
00000000
00000000

00000000
00000000
11000000
11000000
10000000
10000000
10000000
00000000

00000000
00000000
00000000
00000000
00000000
00000100
00000100
00001100

00111000
00001100
00000100
00000100
00000000
00000000
00000000
00000000

00000000
00000000
00000000
00000000
00000011
00011111
00011100
00000000

00000000
00001000
00001100
00011100
01110000
01000000
01000000
00000000

00000000
00000000
00010000
00010000
00010000
00010000
00010000
00000000

00000000
00000000
00001000
00001100
00000110
00000010
00000000
00000000

00000000
00000000
00000100
00111100
00111100
01100000
11000000
00000000

00000100
00000110
00000110
00000100
00000100
00000000
00000000
00000000

00000000
00000000
00000000
00000000
00000000
00000000
11001000
11111100

00000000
00000000
00000000
00000000
00000010
00000011
00000000
00000000

00000000
00000000
00000000
00000000
00000000
00110000
00111000
00010000

00000000
00000000
00000000
00000000
00000111
00000110
00000010
00000110

00000000
00000000
00000000
00011100
00011110
00000000
00000000
00000000

00000000
00000000
00000000
00010000
00010000
00010000
00110000
00000000

00000000
00000000
00000000
00000000
01111000
00111000
00011000
00000000

00000000
11110000
10000000
00000000
00000000
00000000
00000000
00000000

00000000
00000000
00100000
01100000
01100000
01100000
00000000
00000000

00000000
00000000
00000000
00110000
00110000
00110000
00000000
00000000

00000000
00000000
00000000
00000000
01111100
01111100
00000000
00000000

00000000
00000000
00000000
00001110
00001110
00001100
00000000
00000000

00000000
00000000
00000000
00000100
00001100
00001000
00000000
00000000

01111000
00001000
00001110
00000110
00000000
00000000
00000000
00000000

00000000
00000000
01000000
01000000
01111100
00001000
00001000
00000000

00000000
00000110
00000100
00000110
00000000
00000000
00000000
00000000

00000000
00000000
00000000
11100000
11100000
11100000
00000000
00000000

00000000
00010000
00010000
00010000
00010000
00010000
00000000
00000000

00000000
00000000
00000000
00001110
00011010
00001000
00000000
00000000

00000000
00000000
00000000
00000000
00010000
00000000
00000000
00000000

00000000
00000000
00000000
11100000
00100000
01100000
00000000
00000000

00110000
00110000
00110000
00000000
00000000
00000000
00000000
00000000

00000000
00000110
00000110
00000100
00000100
00000000
00000000
00000000

00000000
00010000
00110000
00111100
00000000
00000000
00000000
00000000

00000000
00000000
00000000
00000000
00001000
00011000
00000000
00000000

00000000
00000000
00000000
01111000
01101000
01001000
01000000
00000000

00000000
00000000
00010000
00010000
00010000
00010000
00010000
00000000

00000000
00000000
00000000
00000000
00001111
00000000
00000000
00000000

00000000
00000000
00000100
00001100
00001000
00001000
00000000
00000000

00000000
00000000
00000001
00000001
00000001
00000011
00000000
00000000

00000000
00000000
00000000
00001000
00001000
00000000
00000000
00000000

00000000
00000000
01111000
01111000
00000000
00000000
00000000
00000000

00000000
00000000
00000000
00000000
00000000
00000000
00010000
00000000

00000000
00000010
00001110
00000110
00000000
00000000
00000000
00000000

00001000
00111000
00111000
00000000
00000000
00000000
00000000
00000000

00000000
00000000
00000000
00000000
00000000
00001000
00011000
00011000

00000000
00000000
01100000
00100000
00100000
00000000
00000000
00000000

00000000
00001000
00001110
00000110
00000100
00000000
00000000
00000000

00000000
00000000
00100000
00100000
00110000
00110000
00000000
00000000

00000000
00000000
00000000
00000000
00011000
00110000
00000000
00000000

00000000
00000000
00000100
00000000
00000000
00000000
00000000
00000000

00000000
00000000
00000000
00010000
00110000
00100000
00111000
00000000

00001111
00001111
00000011
00000001
00000000
00000000
00000000
00000000

00000000
00000000
00000000
00000000
00000000
10000000
11100000
00000000

00000000
11000000
11100000
00000000
00000000
00000000
00000000
00000000

00000000
00000000
00000000
00000000
00000000
00000000
00111110
00100000

00000000
00000000
00100000
00100000
00110000
00010000
00010000
00000000

00000000
00000000
00000000
00000000
00000000
00000000
01110000
00000000

00000000
10000000
11110000
11110000
00000000
00000000
00000000
00000000

00000000
00000000
00000000
00000000
00001100
00000100
00000100
00000000
