00000000000001111111111111111111
00000000000001111111111111111111
00000000000001111111111111111111
00000000000001111111111111111111
00000000000001111111111111111111
00000000000001111111111111111111
00000000000001111111111111111111
00000000000001111111111111111111
00000000000001111111111111111111
00000000000001111111111111111111
00000000000001111111111111111111
00000000000001111111111111111111
11111111111111111111111111111111
11111111111111111111111111111111
11111111111111111111111111111111
11111111111111111111111111111111
11111111111111111111111111111111
11111111111111111111111111111111
11111111111111111111111111111111
11111111111111111111111111111111
11111111111111111111111111111111
11111111111111111111111111111111
11111111111111111111111111111111
11111111111111111111111111111111
11111111111111111111111111111111
11111111111111111111111111111111
11111111111111111111111111111111
11111111111111111111111111111111
11111111111111111111111111111111
11111111111111111111111111111111
11111111111111111111111111111111
11111111111111111111111111111111

16
00000000
01000000
00000000
00000000
00000000
00000000
00000000
00000000

11000000
01100000
00110000
00011000
00001100
00000110
00000011
00000001

11000000
10000000
00000000
00000000
00000000
00000000
00000000
00000000

00000000
01111000
01000000
01000000
01000000
00000000
00000000
00000000

00000000
00000001
00000011
00000110
01111110
00000000
00000000
00000000

00000000
00000000
00010000
00010000
00010000
00010000
00010000
00000000

00001000
11111000
01001000
00001000
00001100
00001100
00001100
00000000

00000000
00000001
00001111
00000100
00001100
11111000
00000000
00000000

00000000
00001110
01111100
01001000
01001100
11000100
00000000
00000000

10000000
00000000
00000000
00000000
00000000
00000000
00000000
00000000

00000000
00011000
00011100
00001110
00000110
00000010
00000011
00001110

00000000
00000000
00010000
00010100
00111100
00111100
00000000
00000000

11110000
01100000
01100000
00000000
00000000
00000000
00000000
00000000

00000000
00000010
00010110
00011100
00011000
00010000
00010000
00000000

11000000
01100000
00100000
01100010
00111110
00000000
00000000
00000000

00000000
00000000
00001000
00011000
11110000
11100000
00000000
00000000
