11111111111111111111111111111111
11111111111111111111111111111111
11111111111111111111111111111111
11111111111111111111111111111111
11111111111111111111111111111111
11111111111111111111111111111111
11111111111111111111111111111111
11111111111111111111111111111111
11111111000000000000000001111111
11111111000000000000000001111111
11111111001110000000000001111111
11111111001110000000000001111111
11111111001110000000000001111111
11111111000000000000000001111111
11111111000000000000000001111111
11111111000000011100000001111111
11111111000000011100000001111111
11111111000000011100000001111111
11111111000000000000000001111111
11111111000000000000000001111111
11111111000000000000111001111111
11111111000000000000111001111111
11111111000000000000111001111111
11111111000000000000000001111111
11111111000000000000000001111111
11111111111111111111111111111111
11111111111111111111111111111111
11111111111111111111111111111111
11111111111111111111111111111111
11111111111111111111111111111111
11111111111111111111111111111111
11111111111111111111111111111111

61
10000000
00000000
00000000
00000000
00000000
00000000
00000000
00000000

11110000
00000000
00000000
00000000
00000000
00000000
00000000
00000000

11110000
00010000
00000000
00000000
00000000
00000000
00000000
00000000

11100000
00100000
00000000
00000000
00000000
00000000
00000000
00000000

01000000
11000000
10000000
10000000
00000000
00000000
00000000
00000000

11110000
10000000
00000000
00000000
00000000
00000000
00000000
00000000

10000000
10000000
11000000
00000000
00000000
00000000
00000000
00000000

10000000
11100000
00000000
00000000
00000000
00000000
00000000
00000000

01000000
11000000
10000000
00000000
00000000
00000000
00000000
00000000

01000000
11000000
10000000
00000000
00000000
00000000
00000000
00000000

11100000
10000000
00000000
00000000
00000000
00000000
00000000
00000000

11100000
10000000
00000000
00000000
00000000
00000000
00000000
00000000

11100000
10000000
00000000
00000000
00000000
00000000
00000000
00000000

10000000
11000000
00000000
00000000
00000000
00000000
00000000
00000000

11000000
10000000
10000000
10000000
10000000
00000000
00000000
00000000

01000000
11000000
01000000
00000000
00000000
00000000
00000000
00000000

00000000
00000000
00000000
00000000
11000000
10000000
00000000
00000000

01100000
00100000
00100000
00000000
00000000
00000000
00000000
00000000

11111000
00001000
00000000
00000000
00000000
00000000
00000000
00000000

11100000
00000000
00000000
00000000
00000000
00000000
00000000
00000000

10000000
11000000
00000000
00000000
00000000
00000000
00000000
00000000

01110000
01000000
11000000
00000000
00000000
00000000
00000000
00000000

01000000
01000000
11000000
00000000
00000000
00000000
00000000
00000000

00000000
10000000
11000000
01000000
00000000
00000000
00000000
00000000

01000000
01100000
11000000
00000000
00000000
00000000
00000000
00000000

11100000
10000000
00000000
00000000
00000000
00000000
00000000
00000000

10000000
11111000
00000000
00000000
00000000
00000000
00000000
00000000

11000000
01000000
01000000
01000000
01000000
00000000
00000000
00000000

01000000
11100000
00000000
00000000
00000000
00000000
00000000
00000000

01000000
11110000
00000000
00000000
00000000
00000000
00000000
00000000

11000000
01000000
01100000
01100000
00100000
00000000
00000000
00000000

01000000
01000000
11000000
00000000
00000000
00000000
00000000
00000000

11000000
10000000
10000000
10000000
00000000
00000000
00000000
00000000

00100000
11100000
00000000
00000000
00000000
00000000
00000000
00000000

01000000
11000000
10000000
00000000
00000000
00000000
00000000
00000000

01000000
11000000
10000000
00000000
00000000
00000000
00000000
00000000

00000111
00000010
00000000
00000000
00000000
00000000
00000000
00000000

11100000
01000000
00000000
00000000
00000000
00000000
00000000
00000000

11000000
10000000
10000000
10000000
00000000
00000000
00000000
00000000

11100000
01000000
00000000
00000000
00000000
00000000
00000000
00000000

01000000
11000000
10000000
00000000
00000000
00000000
00000000
00000000

01100000
11000000
00000000
00000000
00000000
00000000
00000000
00000000

01100000
11000000
00000000
00000000
00000000
00000000
00000000
00000000

11000000
01000000
11000000
00000000
00000000
00000000
00000000
00000000

11000000
10000000
00000000
00000000
00000000
00000000
00000000
00000000

10000000
11000000
01000000
00000000
00000000
00000000
00000000
00000000

10000000
11000000
10000000
00000000
00000000
00000000
00000000
00000000

01000000
01000000
11000000
00000000
00000000
00000000
00000000
00000000

11100000
00100000
00100000
00000000
00000000
00000000
00000000
00000000

11100000
10000000
00000000
00000000
00000000
00000000
00000000
00000000

11100000
10000000
00000000
00000000
00000000
00000000
00000000
00000000

11100000
10000000
00000000
00000000
00000000
00000000
00000000
00000000

10000000
11000000
11000000
00000000
00000000
00000000
00000000
00000000

00001000
00001000
00001000
00011000
00000000
00000000
00000000
00000000

00100000
11100000
10000000
00000000
00000000
00000000
00000000
00000000

10000000
10000000
10000000
00000000
00000000
00000000
00000000
00000000

11100000
00100000
00000000
00000000
00000000
00000000
00000000
00000000

11000000
01000000
01000000
00000000
00000000
00000000
00000000
00000000

11000000
11000000
00000000
00000000
00000000
00000000
00000000
00000000

11110000
10000000
00000000
00000000
00000000
00000000
00000000
00000000

11000000
11000000
00000000
00000000
00000000
00000000
00000000
00000000
