00000000000000000000000000000000
00000000000000000000000000000000
00000001000000000000001100000000
00000011000000000000001100000000
00000011000000000111001101110000
00000110000000001110001100111000
00000110000000011100001100011100
00001110000000011100001100011100
00001100110000111000001100001110
00001111110000110000001100000110
00000001100000000000001100000000
00000001100000000000001100000000
00000011101000000000001100000000
00001111000100001111111111111110
00011110000110001111111111111110
00111111111110000000001100000000
00000011000000000000001100000000
00000011000000011111111111111110
00100011000100011111111111111110
01100011000110000000001100000000
01100011000011000000001100000000
01100011000011000000001100000000
01000011000001000000001100000000
00000011000000000000001100000000
00000011000000000000001100000000
00000000000000000000001100000000
00000000000000000000000000000000
01111111111111111111111111111110
00000000000000000000000000000000
01111111111111111111111111111110
00000000000000000000000000000000
00000000000000000000000000000000

256
00000000
00000000
00000000
11111100
00000100
11100100
10111100
00000000

00000000
00000000
00000000
00000000
00001000
00001000
01111110
00000000

00000000
10000000
11100000
00000000
00000000
00000000
00000000
00000000

00000000
00000000
00000000
00000000
00000100
00001100
00000000
00000000

00000000
00000011
00000001
00000001
00000001
00000001
00000000
00000000

11000000
11000000
11000000
10000000
00000000
00000000
00000000
00000000

00000000
11111000
10100000
10111000
00000000
00000000
00000000
00000000

00000000
00000000
00000000
00000000
00000000
00000000
00000100
00011100

00000000
01000000
01000000
01000000
00000000
00000000
00000000
00000000

00111110
00101100
00101100
01100000
00000000
00000000
00000000
00000000

00000000
00011111
00010000
01111100
01010000
01010000
00000000
00000000

00000000
00000000
00000000
01110000
00010000
01111100
00010000
00010000

00000000
00000000
00000000
01111100
01010000
01010000
01000000
01111100

00000000
00000000
00000000
00110000
00010000
00000000
00000000
00000000

00000000
00001000
01101110
01101000
01111000
00000000
00000000
00000000

00011100
00011100
00000100
00000000
00000000
00000000
00000000
00000000

00000000
00000000
00000000
00000000
00000000
01000000
01010000
01111100

00000000
00000000
00000000
00000111
00000011
00000111
00000011
00000010

00000001
00000111
00000011
00000011
00000000
00000000
00000000
00000000

00000000
10000000
00000000
00000000
00000000
00000000
00000000
00000000

00000000
10000000
10000000
10000000
00000000
00000000
00000000
00000000

00011110
00010011
00000000
00000000
00000000
00000000
00000000
00000000

00010000
00010000
00111100
00010000
00010000
00000000
00000000
00000000

00000000
00000000
00000000
00000000
00000000
00000001
00000001
00000111

00000000
01100000
01000000
01010000
01010000
01111100
01010000
01010000

01110000
01000000
01111100
01010000
01010000
00010000
00010000
00000000

00111100
00110100
00000100
00000000
00000000
00000000
00000000
00000000

00000000
00000000
00000000
00000000
11000000
11000000
01000000
00000000

00000000
00000000
00000010
00000000
00000000
00000000
00000000
00000000

01100000
01000000
11000000
00000000
00000000
00000000
00000000
00000000

00000000
11111000
10100000
10100000
00100000
00100000
00000000
00000000

00000000
00000000
00000000
00000001
00000001
00010111
00010001
00011111

00000000
00000000
00000000
00000000
00111100
00100000
00100000
00000000

00000000
10000000
00000000
00000000
00000000
00000000
00000000
00000000

01110000
00000000
00000000
00000000
00000000
00000000
00000000
00000000

00000000
00000000
00000000
00000111
00000000
00000000
00000000
00000000

00010111
00010100
00011100
00000000
00000000
00000000
00000000
00000000

00010000
00010000
01111100
00010000
01111100
00010000
00010000
00000000

00000000
01000000
01000000
01000000
01000000
01000000
00000000
00000000

00000000
00000001
00000001
00001111
00000101
00000101
00000000
00000000

01111111
00010001
00010111
00000001
00000001
00000000
00000000
00000000

11100000
10000000
10000000
00000000
00000000
00000000
00000000
00000000

00000000
00000000
00000000
00000000
00101010
00101010
11111110
00000000

00000000
00000000
00000000
00000000
00000000
01101010
00101010
11111110

00000000
00000000
10000000
10000000
11100000
10000000
10000000
00000000

00000000
00000000
00001000
00001000
00001000
00000000
00000000
00000000

00001000
00001000
00001110
00001000
00001000
00000000
00000000
00000000

00011000
00110000
00110000
00010000
00110000
00110000
00110000
00000000

00000000
00000000
00000000
10100000
10100000
11111000
10000000
11100000

00000000
00000000
00000000
00000000
00000000
11000000
01000000
00000000

00000000
00000000
00000000
00000000
11100000
01100000
11000000
11000000

00000000
00000000
00000000
00000000
10000000
10000000
11110000
11110000

00000001
00000001
00000111
00000001
00000001
00000000
00000000
00000000

00000011
00000011
00000001
00001101
00001111
00001100
00000000
00000000

00000000
00000000
00000000
00000000
00010000
00010000
00010000
00000000

00000000
00000000
00000000
00000000
00000000
00010000
00010000
00110000

00000000
00000000
00000000
00100000
01100000
01000000
11110000
11000000

00000000
00000000
00000000
00000000
00001110
00000000
00000000
00000000

00000000
00000000
00000000
11000000
11000000
01000000
11000000
11000000

00000000
00000000
00000000
00000000
00000000
00000000
11100000
10100000

00100000
00000000
00000000
00000000
00000000
00000000
00000000
00000000

00000000
00000000
00000000
00000000
00000000
00000000
00111001
11111111

00000000
00000000
00000000
00000000
00000000
00111000
00000000
00000000

00001110
00000000
00000000
00000000
00000000
00000000
00000000
00000000

01000000
01000000
01000000
00000000
00000000
00000000
00000000
00000000

00000000
00000000
00000000
00000000
00100000
00000000
00000000
00000000

00000000
00000000
00000000
00000000
00010100
00010100
01111111
00000000

00000000
00001000
00000000
00000000
00000000
00000000
00000000
00000000

00000000
00000000
00000000
00000000
00000000
00000110
11100110
11111110

00000000
00000000
11100000
10000000
10000000
00000000
00000000
00000000

00000000
00000001
00000001
00000001
00000000
00000000
00000000
00000000

00000000
00000000
00000000
00000000
00000000
00000000
01100000
11100000

00000000
00000000
00000000
00001100
00001100
00001000
00001110
00001100

00000000
00000000
00000000
00000100
00000111
00000001
00000011
00000011

00000000
00000000
00000000
00000000
00000000
00000000
00001000
00000000

00000000
00000000
00000000
00000000
00000000
11000000
11011000
11111000

00001111
00000001
00000001
00000000
00000000
00000000
00000000
00000000

00000000
00000000
00000000
00000000
00000000
00000000
00000100
00000111

00000000
00000000
00000011
00000011
00010110
00010110
00011100
00000000

00000000
00000000
00000000
00000000
00000000
00001000
00001110
00000000

00000000
00000000
00000000
00000000
00000000
00000000
00000010
01111111

00000000
00001000
00011000
00000000
00000000
00000000
00000000
00000000

00000000
00000000
00010000
00010000
01111100
00010000
01111000
00000000

00000001
00000001
00000001
00000000
00000000
00000000
00000000
00000000

00000000
00000000
00000000
00000100
00000100
00011111
00000100
00000100

01111100
01101110
00000000
00000000
00000000
00000000
00000000
00000000

00001110
00000010
01111110
00101010
00101010
00000000
00000000
00000000

00000000
00000000
00000000
11000000
11010000
11010000
10010000
11110000

00000000
00000000
00000000
00000000
00000000
00000000
00000000
00000111

00000000
00000000
00000011
00000001
00000000
00000000
00000000
00000000

10000000
10000000
00000000
00000000
00000000
00000000
00000000
00000000

00000000
00001110
00000000
00000000
00000000
00000000
00000000
00000000

00000000
00000000
00000000
00000000
00000000
00000100
00010100
00011111

00000000
00000000
00000000
00000100
00000100
01110100
01000100
01111111

00000000
00000000
00000100
00011111
00000100
00000100
00000000
00000000

10000000
11100000
00100000
00100000
00110000
00010000
00010000
00000000

00000000
00001010
00001010
00111110
00001010
00001010
00001000
00000000

00000000
00000000
01000000
01000000
01000000
01000000
00000000
00000000

00000000
00000000
00000000
00000000
00000000
11100000
11110000
11110000

00000000
00000000
00000000
00010000
00010000
00010000
01111100
00000000

00000000
00000000
00000000
00000111
00000001
00000001
00000000
00000000

00001000
00000000
00000000
00000000
00000000
00000000
00000000
00000000

00000000
00000000
00000000
00000000
00000000
00000000
00001110
00111110

00000000
00000000
00000000
00000000
00000000
00000000
00000111
00000000

00000000
10000000
00000000
00000000
00000000
00000000
00000000
00000000

00000000
00000000
00000000
00000000
00000000
00000111
00000001
00000001

00000000
00000000
00000000
00011100
00010100
00000000
00000000
00000000

00000000
00000000
00000000
00001000
00001000
00111110
00001000
00001000

00011100
00011100
00111000
00111000
00000000
00000000
00000000
00000000

00000000
00001010
00001010
00001110
00000010
00001110
00000010
00001110

00000010
00000010
00000010
00000000
00000000
00000000
00000000
00000000

00000000
00000000
00000000
00100000
00100000
01111000
00100000
00100000

00000000
00000000
00000000
00000010
00000010
10001110
10000010
11111110

00000000
00000000
00000000
00000000
00110000
00110000
00100000
11100000

00000000
00000001
00000001
00000001
00000001
00000001
00000011
00000011

00000000
11100000
10001000
11111110
10100000
10100000
00000000
00000000

00000000
00000000
00000000
00111110
01100100
01000000
01110000
01100000

00000000
00000000
00010000
00010000
01111100
01010000
01011111
00000000

00000000
11000000
11000000
01000000
11000000
10000000
00000000
00000000

00000000
00011111
00000101
00000100
00000000
00000000
00000000
00000000

00000000
00000000
00000000
00000100
00011111
00000100
00000100
00000000

10000000
10000000
11100000
10000000
11000000
10000000
10000000
00000000

00000000
00000000
00000000
00000000
01100000
00100000
01100000
01100000

00000001
00000111
00000011
00000000
00000000
00000000
00000000
00000000

11100000
00100000
00000000
00000000
00000000
00000000
00000000
00000000

00000000
00000000
00000000
00000000
00000000
10000000
10000000
10000000

00000000
00000000
00000000
00000000
00000000
00000000
00000000
00111000

00000011
00000001
00000001
00000001
00000001
00000011
00000011
00000000

00000000
00000000
00000000
01010000
01010000
01111100
01000100
01110000

00000110
00000110
00011110
00000000
00000000
00000000
00000000
00000000

00000000
00000000
00000000
00001000
00001100
00000000
00000000
00000000

00000000
00000000
00000000
00000001
00000001
00000111
00000001
00000011

00000000
00000000
00000000
01000000
01110000
01110000
11100000
01000000

00000000
00000000
01100000
11000000
10000000
10010000
10110000
11110000

00000000
00000000
00000000
01100000
01100000
00000000
00000000
00000000

11000000
11000000
01000000
00000000
00000000
00000000
00000000
00000000

00000010
00000000
00000000
00000000
00000000
00000000
00000000
00000000

00000000
00000000
00000100
00000100
00001100
00111000
00100000
00000000

00000000
00000000
00000000
00000000
00110000
00100000
00100000
00000000

00000000
00000000
00000000
00000000
00000000
00000000
00000000
00011100

00000000
00000000
00000000
00000000
00000010
00001110
00000010
00001110

11111000
00100000
11111000
00100000
00100000
00100000
00100000
00000000

00000000
00000000
00000000
00000000
01000000
01000000
01100000
00000000

00000000
00000000
00100000
11100000
01000000
01000000
01010000
01110000

00000000
00000000
00000100
00000111
00000100
00011111
00000100
00000100

00000001
00000001
00000001
00000011
00000011
00000000
00000000
00000000

00000000
00000000
00000000
00000000
00000010
00000010
00111110
00000000

00000000
00000000
00000000
00000010
00000010
10001010
10001010
11111110

00000000
00000000
10000000
10000000
11100000
10000000
00000000
00000000

00000000
00000000
00000000
00000000
00000000
00011010
00011011
00001111

00000000
00000000
00000000
00000010
00000010
00001110
00001010
00000010

00000000
00111100
00001000
00001000
00000000
00000000
00000000
00000000

00000000
00000000
00000000
00000000
00000000
00000000
11100000
11100000

00000000
00000000
00000000
00000011
00000001
00000001
00000011
00000010

00000000
10000000
00000000
00000000
00000000
00000000
00000000
00000000

00000000
00100000
00100000
11100000
00100000
11111000
00100000
00100000

00001010
00001010
00111110
00001010
00001010
00000000
00000000
00000000

00000000
00000000
00000000
00000000
00000000
00000000
00000111
00001111

00000000
00000000
00000000
00000010
00000010
00000010
00000000
00000000

00000000
00000000
00000000
00000000
00000000
00000110
11100110
11111100

00001111
00000011
00000111
00000001
00000001
00000001
00000000
00000000

00000000
00000001
00000001
00000001
00000000
00000000
00000000
00000000

00000000
00000000
10000000
10100000
11100000
10000000
11100000
00000000

00001000
00001000
11111110
00001000
00001000
00000000
00000000
00000000

00000000
00000000
00000000
00011100
00110000
00100000
00110000
00110000

00000000
00000011
00000001
00000001
00000001
00000001
00000111
00000000

00000000
00000000
00000000
00000010
00000010
00001110
00000010
00001110

00000000
11111110
00101010
00101010
00000010
00000000
00000000
00000000

00000000
00000000
00000000
00000000
00000000
00010000
00000000
00000000

10000000
10000000
10000000
00000000
00000000
00000000
00000000
00000000

00000000
00000000
00000000
00001110
00000000
00000000
00000000
00000000

11110000
00110000
11100000
10000000
10000000
10000000
10000000
00000000

00000000
00000000
00000000
00000000
00000000
00000000
00001000
00000000

01111100
01010000
01011100
00010000
00010000
00010000
00010000
00000000

11100000
10100000
00100000
11100000
10000000
00000000
00000000
00000000

00101000
00101000
11111110
00001000
00001000
00000000
00000000
00000000

00000001
00000000
00000000
00000000
00000000
00000000
00000000
00000000

00000100
00000100
00001101
00000101
00001111
00000101
00000101
00000000

00000111
00000001
00000111
00000001
00000101
00000101
00000111
00000000

00000000
00000000
00000000
00000111
00000111
00001111
00000000
00000000

00011111
00001111
00000000
00000000
00000000
00000000
00000000
00000000

00000000
00000000
00000000
01000000
11100000
10000000
10000000
10000000

00000000
00100000
00111000
00100000
11111000
00100000
00100000
00000000

00000000
11100000
10000000
11111000
10000000
10000000
00000000
00000000

00000000
00000000
01000000
01000000
01110000
01000000
01111000
00000000

11000000
10000000
11100000
10000000
11100000
10000000
10000000
00000000

00000000
00000001
00000001
00000001
00000000
00000000
00000000
00000000

00000000
00000000
00000000
00000000
10000000
11100000
00110000
00000000

00000000
00000000
00000000
00000000
00000000
11010000
11110000
11110000

00000000
00000000
01000000
00000000
00000000
00000000
00000000
00000000

00000000
00000000
00000000
00000000
00000001
00000011
00000000
00000000

11100000
11100000
11110000
11000000
00000000
00000000
00000000
00000000

00000000
00010000
00010000
01111100
00010000
00000000
00000000
00000000

00000000
00000000
00000000
00000000
00100000
00000000
00000000
00000000

00000000
00000000
00000000
00000000
00000110
00000011
00000011
00011111

00000000
00000000
00000000
00001000
00001100
00000111
00000001
00000000

00000000
00100000
00100000
01111000
00100000
00100000
00000000
00000000

00000000
00000010
00001110
00001000
01101000
01111000
00100000
00000000

00000000
00000000
00001000
00011000
00011100
00010100
00000000
00000000

01111110
00001000
00111110
00001000
00001000
00000000
00000000
00000000

00000000
00000000
00000000
01000000
01111000
11111000
11100000
00000000

01111111
01010100
01010100
01000000
01100000
00000000
00000000
00000000

00000000
00000000
00001000
00001000
00111110
00001000
00001000
00000000

00000000
00100000
00100000
11111000
00100000
11100000
00100000
00000000

00000000
00000000
00000000
00000000
00000000
00000000
00000110
00000111

00000000
00000000
00000000
00000000
00000000
00000101
00000111
00000000

00000001
00000011
00000010
00000000
00000000
00000000
00000000
00000000

00000000
00000000
00000000
00000000
00000000
00001010
00101010
00111110

00000000
00000000
00000000
00000000
01100000
01100000
00111000
11111000

00000000
00000000
00000000
00000000
00000100
00001110
00111000
11110000

00000000
00000000
00000000
00000000
00000000
00000000
00110001
01111111

01110000
01000000
01110000
01010000
01010000
00000000
00000000
00000000

10000000
10000000
10000000
10000000
10000000
00000000
00000000
00000000

00000000
00000000
10000000
10000000
10000000
10000000
11100000
00000000

00000000
00001110
00000010
00000010
00000000
00000000
00000000
00000000

11111110
00101010
00101010
00000000
00000000
00000000
00000000
00000000

00000000
01000000
01000000
01000000
01000000
01000000
00000000
00000000

00000000
00000000
00000000
00000000
00000000
00001000
00111000
00000000

00000000
00001000
00000000
00000000
00000000
00000000
00000000
00000000

00000010
00000010
00000010
00000010
00000000
00000000
00000000
00000000

00010000
00110000
00110000
00000000
00000000
00000000
00000000
00000000

00000000
01100000
01000000
01000000
00000000
00000000
00000000
00000000

00000000
00000000
00100000
00100000
00100000
11111000
00100000
00100000

00011000
00010000
00010000
01110000
00000000
00000000
00000000
00000000

00011111
00000101
00000101
00000001
00000111
00000000
00000000
00000000

00111110
00001000
00111000
00001000
00001000
00000000
00000000
00000000

11100000
10000000
11111100
10100000
10100000
00000000
00000000
00000000

00000000
00000000
00000000
01100000
11100000
10100000
10100000
10000000

00000111
00000100
00001100
00001000
00000000
00000000
00000000
00000000

00000000
00000000
00000000
10000000
11000000
11000000
01000000
11000000

00000000
00000000
00000000
00100000
00000000
00000000
00000000
00000000

00000000
00000000
00000000
00000000
00000000
00000000
11100000
10000000

00001110
01111000
11000000
10000000
00000000
00000000
00000000
00000000

00000000
01111100
00010100
00010100
00000000
00000000
00000000
00000000

00000000
00000000
00000000
00000000
00000000
00000001
00000000
00000000

00000000
00000000
00000000
00000000
10101010
10101010
11111110
00000000

00000000
00000000
00000000
00000000
00000000
11000000
11111100
00000000

00000000
00000000
00000000
00000000
00001000
00001000
11111110
00000000

00000000
00000000
00000000
00000000
00000000
00000100
00000100
00011111

00000000
00010000
00010000
01011000
01010000
01111100
01000000
01110000

00000000
00000000
00000000
00000000
00000000
00011100
00000000
00000000

00000100
00000100
00000100
00000000
00000000
00000000
00000000
00000000

00000000
00000000
00000000
00000000
00010000
00010000
00010110
00011110

01000000
01000000
01111111
00000011
00001110
00000000
00000000
00000000

00000111
00000101
00000101
00000000
00000000
00000000
00000000
00000000

00000000
00000000
00000000
00000010
00000110
00000110
00000000
00000000

00000000
00000001
00000001
00000111
00000001
00011111
00000101
00000101

00010000
00110000
00000000
00000000
00000000
00000000
00000000
00000000

00000000
00000000
00000000
00000000
00000000
00111000
00111111
00111000

00000000
00000000
00000000
00000000
00010000
00011000
00011000
00111000

00000000
00000000
00000000
00000000
00000000
11110000
11011000
00011000

00000111
00000100
00001100
00011000
00011000
00000000
00000000
00000000

00000000
00000000
00000000
00000010
00000010
00000110
00000000
00000000

00000000
00000001
00000001
00000001
00000011
00000000
00000000
00000000

01110000
01000000
01110000
00000000
00000000
00000000
00000000
00000000

00000000
00000000
00000000
00000101
00000101
00011111
00000101
00000101
