00000000011111111111111111111111
00000000011111111111111111111111
00000000011111111111111111111111
00000000011111111111111111111111
00000000011111111111111111111111
00000000011111111111111111111111
00000000011111111111111111111111
00000000011111111111111111111111
00000000011111111111111111111111
00000000011111111111111111111111
00000000011111111111111111111111
00000000011111111111111111111111
00000000011111111111111111111111
00000000011111111111111111111111
00000000011111111111111111111111
00000000011111111111111111111111
00000000011111111111111111111111
00000000011111111111111111111111
00000000011111111111111111111111
00000000011111111111111111111111
11111111111111111111111111111111
11111111111111111111111111111111
11111111111111111111111111111111
11111111111111111111111111111111
11111111111111111111111111111111
11111111111111111111111111111111
11111111111111111111111111111111
11111111111111111111111111111111
11111111111111111111111111111111
11111111111111111111111111111111
11111111111111111111111111111111
11111111111111111111111111111111

50
01000000
11100000
00000000
00000000
00000000
00000000
00000000
00000000

00000000
11000000
01100000
00000000
00000000
00000000
00000000
00000000

00000000
11000000
01100000
00000000
00000000
00000000
00000000
00000000

00000000
11000000
01100000
00000000
00000000
00000000
00000000
00000000

00000000
11000000
11000000
00000000
00000000
00000000
00000000
00000000

00000000
11110000
00000000
00000000
00000000
00000000
00000000
00000000

10000000
11100000
00000000
00000000
00000000
00000000
00000000
00000000

01000000
11100000
00000000
00000000
00000000
00000000
00000000
00000000

11000000
11000000
00000000
00000000
00000000
00000000
00000000
00000000

00100000
11100000
00000000
00000000
00000000
00000000
00000000
00000000

00100000
11100000
00000000
00000000
00000000
00000000
00000000
00000000

01000000
11100000
00000000
00000000
00000000
00000000
00000000
00000000

01100000
11000000
00000000
00000000
00000000
00000000
00000000
00000000

11000000
01100000
00000000
00000000
00000000
00000000
00000000
00000000

11000000
11000000
00000000
00000000
00000000
00000000
00000000
00000000

00000000
11110000
00000000
00000000
00000000
00000000
00000000
00000000

00000000
11110000
00000000
00000000
00000000
00000000
00000000
00000000

01000000
11100000
00000000
00000000
00000000
00000000
00000000
00000000

10000000
11100000
00000000
00000000
00000000
00000000
00000000
00000000

10000000
11100000
00000000
00000000
00000000
00000000
00000000
00000000

00100000
11100000
00000000
00000000
00000000
00000000
00000000
00000000

00100000
11100000
00000000
00000000
00000000
00000000
00000000
00000000

11000000
11000000
00000000
00000000
00000000
00000000
00000000
00000000

11000000
11000000
00000000
00000000
00000000
00000000
00000000
00000000

11000000
01100000
00000000
00000000
00000000
00000000
00000000
00000000

01100000
11000000
00000000
00000000
00000000
00000000
00000000
00000000

11000000
01100000
00000000
00000000
00000000
00000000
00000000
00000000

01100000
11000000
00000000
00000000
00000000
00000000
00000000
00000000

11000000
11000000
00000000
00000000
00000000
00000000
00000000
00000000

11000000
11000000
00000000
00000000
00000000
00000000
00000000
00000000

01000000
11100000
00000000
00000000
00000000
00000000
00000000
00000000

01000000
11100000
00000000
00000000
00000000
00000000
00000000
00000000

00000000
11110000
00000000
00000000
00000000
00000000
00000000
00000000

00000000
11110000
00000000
00000000
00000000
00000000
00000000
00000000

00100000
11100000
00000000
00000000
00000000
00000000
00000000
00000000

01100000
11000000
00000000
00000000
00000000
00000000
00000000
00000000

01000000
11100000
00000000
00000000
00000000
00000000
00000000
00000000

10000000
11100000
00000000
00000000
00000000
00000000
00000000
00000000

11000000
01100000
00000000
00000000
00000000
00000000
00000000
00000000

00000000
11110000
00000000
00000000
00000000
00000000
00000000
00000000

11000000
11000000
00000000
00000000
00000000
00000000
00000000
00000000

10000000
11100000
00000000
00000000
00000000
00000000
00000000
00000000

00100000
11100000
00000000
00000000
00000000
00000000
00000000
00000000

00000000
11110000
00000000
00000000
00000000
00000000
00000000
00000000

11000000
01100000
00000000
00000000
00000000
00000000
00000000
00000000

01100000
11000000
00000000
00000000
00000000
00000000
00000000
00000000

01000000
11100000
00000000
00000000
00000000
00000000
00000000
00000000

10000000
11100000
00000000
00000000
00000000
00000000
00000000
00000000

00000000
11110000
00000000
00000000
00000000
00000000
00000000
00000000

00100000
11100000
00000000
00000000
00000000
00000000
00000000
00000000
