00000000000000000000000000000000
00000000000000000000000000000000
01111110001111110000011000101000
00000110000000110001100000100100
00001100000000100111100000100100
00011000000111000001100000100101
00111100000011000001100001000111
01100110000001100001100001000110
00000011000000000000000000000000
00000010100100100100000000111110
01111000100100101110000000000010
00000111000100100100000000000100
00000100000000101111000000001000
00000100000000100010011100001000
00011000000001000010000100010000
00110000000010000000011110000000
00000000000000000000000000000000
00000000000000000000000000000000
00000000000000000000000000000000
00000000000000000000000000000000
00000000000000000000000000000000
00000000000000000000000000000000
00000000000000000000000000000000
00000000000000000000000000000000
00000000000000000000000000000000
00000000000100100100010000000000
00001000000001000100000000000000
00011100000100100111010111000000
00001000000100010101010101000000
00001101110101100101010101000000
00000000000000000000000000000000
00000000000000000000000000000000

256
11011111
11110000
10000000
00000000
00000000
00000000
00000000
00000000

11110000
00000000
00000000
00000000
00000000
00000000
00000000
00000000

00111000
11110000
00100000
00000000
00000000
00000000
00000000
00000000

10000000
00000000
00000000
00000000
00000000
00000000
00000000
00000000

00100000
01100000
11000000
00000000
00000000
00000000
00000000
00000000

01000000
11111000
00101000
01100000
00000000
00000000
00000000
00000000

00010000
01111100
11100110
00100000
00000000
00000000
00000000
00000000

01010000
11111000
11001110
00000000
00000000
00000000
00000000
00000000

11111000
10001000
10000000
00000000
00000000
00000000
00000000
00000000

00100000
01100000
11000000
00000000
00000000
00000000
00000000
00000000

11000000
10000000
00000000
00000000
00000000
00000000
00000000
00000000

11000000
11000000
00000000
00000000
00000000
00000000
00000000
00000000

00100000
11100000
01100000
01100000
01000000
01100000
00000000
00000000

10000000
10000000
10000000
00000000
00000000
00000000
00000000
00000000

00001000
00011000
01110000
01000000
11000000
10000000
00000000
00000000

10000000
00000000
00000000
00000000
00000000
00000000
00000000
00000000

11000000
11000000
10000000
11000000
00000000
00000000
00000000
00000000

11000000
10000000
10000000
10000000
00000000
00000000
00000000
00000000

00100000
01100000
01000000
11000000
01000000
00000000
00000000
00000000

11011111
11110100
10100100
10000000
00000000
00000000
00000000
00000000

00001100
01111000
11000000
00000000
00000000
00000000
00000000
00000000

11000000
10000000
00000000
00000000
00000000
00000000
00000000
00000000

00111100
11100110
01110000
00111000
00000000
00000000
00000000
00000000

10000000
00000000
00000000
00000000
00000000
00000000
00000000
00000000

11111110
10001110
11001010
10000000
00000000
00000000
00000000
00000000

00100000
01110000
11000000
00000000
00000000
00000000
00000000
00000000

10110000
11111110
10010010
10000000
00000000
00000000
00000000
00000000

00010000
11111000
00101000
00000000
00000000
00000000
00000000
00000000

11100000
01000000
00000000
00000000
00000000
00000000
00000000
00000000

00101000
11111000
11010000
10000000
10000000
00000000
00000000
00000000

11000000
10000000
00000000
00000000
00000000
00000000
00000000
00000000

00000100
00110100
11111100
01100000
00000000
00000000
00000000
00000000

10000000
11100000
01111000
11100000
10100000
00000000
00000000
00000000

01111100
11000000
10000000
00000000
00000000
00000000
00000000
00000000

10000000
00000000
00000000
00000000
00000000
00000000
00000000
00000000

00111000
00011000
11110000
00010000
00010000
00000000
00000000
00000000

01000000
11111000
01010000
00000000
00000000
00000000
00000000
00000000

00111110
00010011
11110000
10011000
00000000
00000000
00000000
00000000

10011111
11111010
10110000
10000000
00000000
00000000
00000000
00000000

11000000
10000000
00000000
00000000
00000000
00000000
00000000
00000000

11111000
10000000
00000000
00000000
00000000
00000000
00000000
00000000

00110000
00011100
00111000
11100000
01000000
00000000
00000000
00000000

10000000
11110000
01100000
11000000
00000000
00000000
00000000
00000000

01000000
01111000
11001000
11000000
00000000
00000000
00000000
00000000

00010000
11110000
01011100
01000000
11100000
00000000
00000000
00000000

01000000
01111000
01001000
11100000
01110000
00000000
00000000
00000000

11000111
11111110
10010000
00000000
00000000
00000000
00000000
00000000

10100000
11100000
01000000
01000000
00000000
00000000
00000000
00000000

11000000
11000000
10000000
00000000
00000000
00000000
00000000
00000000

10000000
10000000
10000000
00000000
00000000
00000000
00000000
00000000

01111100
01000110
11010000
01110000
01000000
00000000
00000000
00000000

10100000
11100000
10000000
10000000
00000000
00000000
00000000
00000000

01111110
11100111
00000000
00000000
00000000
00000000
00000000
00000000

00010000
11110000
01000000
00000000
00000000
00000000
00000000
00000000

00100000
11100000
11000000
00000000
00000000
00000000
00000000
00000000

01110000
11000000
10000000
11100000
00000000
00000000
00000000
00000000

10000000
10000000
10000000
00000000
00000000
00000000
00000000
00000000

00111110
10100110
11100000
10100000
10000000
00000000
00000000
00000000

11000010
01101110
00111000
00010000
00000000
00000000
00000000
00000000

10000000
10000000
10000000
00000000
00000000
00000000
00000000
00000000

00011110
00110000
00011100
11111000
01000000
00000000
00000000
00000000

11111000
00111100
00100000
00111000
00000000
00000000
00000000
00000000

11000000
00000000
00000000
00000000
00000000
00000000
00000000
00000000

01100000
01100000
11100000
11000000
01000000
01000000
00000000
00000000

01000000
11100000
01100000
11000000
01000000
00000000
00000000
00000000

00111111
11111100
11001000
10000000
00000000
00000000
00000000
00000000

11110000
01010000
01000000
01100000
00000000
00000000
00000000
00000000

11100111
00111111
00011000
00000000
00000000
00000000
00000000
00000000

00000001
01111111
11100011
01000000
00000000
00000000
00000000
00000000

10000000
00000000
00000000
00000000
00000000
00000000
00000000
00000000

01111100
11100000
10100000
00000000
00000000
00000000
00000000
00000000

00000010
10000110
11111100
01100000
00000000
00000000
00000000
00000000

01010000
01111100
00111000
11110000
10000000
00000000
00000000
00000000

10000000
11110000
01000000
11000000
00000000
00000000
00000000
00000000

00111100
10111100
10100000
11100000
01000000
00000000
00000000
00000000

11000000
01100000
11000000
10000000
10000000
10000000
00000000
00000000

11000000
00000000
00000000
00000000
00000000
00000000
00000000
00000000

01000000
11000000
10000000
00000000
00000000
00000000
00000000
00000000

01000000
01110000
11100000
10000000
00000000
00000000
00000000
00000000

01111000
00111110
11100010
01000000
00000000
00000000
00000000
00000000

00011110
11111000
00011100
00111000
00000000
00000000
00000000
00000000

10000000
11000000
10000000
11000000
10000000
00000000
00000000
00000000

01000000
11000000
11000000
10000000
10000000
00000000
00000000
00000000

11100000
11000000
10000000
10000000
00000000
00000000
00000000
00000000

11110000
00000000
00000000
00000000
00000000
00000000
00000000
00000000

01000000
01100000
11000000
01100000
00000000
00000000
00000000
00000000

01000000
11000000
10000000
00000000
00000000
00000000
00000000
00000000

11000000
10000000
00000000
00000000
00000000
00000000
00000000
00000000

11000000
00000000
00000000
00000000
00000000
00000000
00000000
00000000

01011111
01110000
11110000
01000000
00000000
00000000
00000000
00000000

11111111
00100100
00000000
00000000
00000000
00000000
00000000
00000000

01100000
11000000
10000000
10000000
10000000
00000000
00000000
00000000

00011110
11111111
00110000
00000000
00000000
00000000
00000000
00000000

10111110
11101000
00000000
00000000
00000000
00000000
00000000
00000000

11111000
01100000
00100000
00000000
00000000
00000000
00000000
00000000

00000010
00011110
11110000
01000000
00000000
00000000
00000000
00000000

11101111
01111010
11110000
00000000
00000000
00000000
00000000
00000000

10001110
11111100
01110000
01000000
00000000
00000000
00000000
00000000

10000000
00000000
00000000
00000000
00000000
00000000
00000000
00000000

00100000
11111100
01101000
00000000
00000000
00000000
00000000
00000000

11110000
01000000
01000000
01000000
00000000
00000000
00000000
00000000

11011100
01010111
01110111
00000000
00000000
00000000
00000000
00000000

00000110
00000100
01111100
11010000
10000000
00000000
00000000
00000000

00010000
11110000
10000000
00000000
00000000
00000000
00000000
00000000

11100000
01000000
00000000
00000000
00000000
00000000
00000000
00000000

00010000
00110000
00100000
11100000
01000000
01000000
00000000
00000000

11000000
11000000
00000000
00000000
00000000
00000000
00000000
00000000

11000000
00000000
00000000
00000000
00000000
00000000
00000000
00000000

01000000
11000000
01111100
01100000
00000000
00000000
00000000
00000000

00111000
11101000
00100000
00000000
00000000
00000000
00000000
00000000

01100000
01110000
01010000
11000000
00000000
00000000
00000000
00000000

11000000
11000000
10000000
11000000
00000000
00000000
00000000
00000000

11110000
00000000
00000000
00000000
00000000
00000000
00000000
00000000

00000011
01011111
11010000
01110000
01000000
00000000
00000000
00000000

00111100
01100111
11100100
10000000
00000000
00000000
00000000
00000000

10111111
11101010
10101000
10000000
00000000
00000000
00000000
00000000

01011100
01110100
00010100
11110100
00000000
00000000
00000000
00000000

11100000
10000000
00000000
00000000
00000000
00000000
00000000
00000000

10000000
10001000
10111000
11100000
00000000
00000000
00000000
00000000

11101000
01111000
01010000
11000000
01000000
00000000
00000000
00000000

11000000
01001100
01111000
01010000
01000000
00000000
00000000
00000000

11000000
00000000
00000000
00000000
00000000
00000000
00000000
00000000

11100000
10000000
11100000
00000000
00000000
00000000
00000000
00000000

01000000
11000000
10000000
00000000
00000000
00000000
00000000
00000000

11110111
11011111
10000100
00000000
00000000
00000000
00000000
00000000

11000000
10000000
10000000
10000000
00000000
00000000
00000000
00000000

00100000
01100000
11000000
00000000
00000000
00000000
00000000
00000000

01000000
01110000
11010000
01000000
01000000
11000000
00000000
00000000

11000000
10000000
00000000
00000000
00000000
00000000
00000000
00000000

11000000
00000000
00000000
00000000
00000000
00000000
00000000
00000000

10000000
11000000
10000000
11100000
00000000
00000000
00000000
00000000

11111011
10111110
10100000
10000000
00000000
00000000
00000000
00000000

11100000
01000000
00000000
00000000
00000000
00000000
00000000
00000000

00001100
01111000
01001100
11000000
10000000
00000000
00000000
00000000

00100000
01100000
11000000
00000000
00000000
00000000
00000000
00000000

10000000
00000000
00000000
00000000
00000000
00000000
00000000
00000000

11000000
10000000
00000000
00000000
00000000
00000000
00000000
00000000

01001111
11111110
01011010
00000000
00000000
00000000
00000000
00000000

01100000
01000000
01000000
11000000
10000000
10000000
10000000
00000000

11000000
11000000
00000000
00000000
00000000
00000000
00000000
00000000

11110000
10000000
10000000
00000000
00000000
00000000
00000000
00000000

00010000
00010000
11110000
11000000
01000000
01000000
00000000
00000000

11000000
00000000
00000000
00000000
00000000
00000000
00000000
00000000

10000111
11111100
10101110
10000000
00000000
00000000
00000000
00000000

11000000
11000000
10000000
00000000
00000000
00000000
00000000
00000000

10001000
11011100
01110000
01000000
01100000
00000000
00000000
00000000

11110000
00000000
00000000
00000000
00000000
00000000
00000000
00000000

11000000
00000000
00000000
00000000
00000000
00000000
00000000
00000000

11011000
01111100
01110100
01000000
00000000
00000000
00000000
00000000

11111000
00100000
01111100
01110000
01000000
00000000
00000000
00000000

00110000
01100000
11000000
00000000
00000000
00000000
00000000
00000000

11000000
01000000
01110000
01000000
01100000
00000000
00000000
00000000

10000000
00000000
00000000
00000000
00000000
00000000
00000000
00000000

01100000
11000000
11100000
11000000
01000000
01000000
00000000
00000000

11000000
10000000
00000000
00000000
00000000
00000000
00000000
00000000

00110000
01100000
11110000
00100000
01100000
00000000
00000000
00000000

11000000
10000000
10000000
10000000
00000000
00000000
00000000
00000000

00000110
11111110
11110000
01000000
00000000
00000000
00000000
00000000

10000000
10000000
11100000
10000000
10000000
10000000
10000000
00000000

10011111
11111001
10100000
00000000
00000000
00000000
00000000
00000000

10000000
00000000
00000000
00000000
00000000
00000000
00000000
00000000

00001000
00001000
11111100
01100000
00000000
00000000
00000000
00000000

11111100
00011100
00010000
00011000
00010000
00000000
00000000
00000000

10111100
11100100
01110000
11000000
10000000
00000000
00000000
00000000

11100000
01000000
00000000
00000000
00000000
00000000
00000000
00000000

01000000
11100000
10000000
10000000
00000000
00000000
00000000
00000000

01100000
11000000
01000000
00000000
00000000
00000000
00000000
00000000

11111110
11010100
10000100
10000000
00000000
00000000
00000000
00000000

01111110
01111010
11010000
00000000
00000000
00000000
00000000
00000000

01000000
01100000
01110000
01000000
11100000
00100000
00000000
00000000

00001110
00001010
00011010
11110000
01000000
00000000
00000000
00000000

01111110
00011100
01010000
11110000
00000000
00000000
00000000
00000000

11100000
01000000
00000000
00000000
00000000
00000000
00000000
00000000

00010000
01110000
01000000
11100000
10000000
00000000
00000000
00000000

11000000
00000000
00000000
00000000
00000000
00000000
00000000
00000000

11100000
01000000
11100000
01000000
11100000
00000000
00000000
00000000

00111111
11111100
10110000
10000000
00000000
00000000
00000000
00000000

11111111
11110001
10100000
10000000
00000000
00000000
00000000
00000000

10000000
11111100
01101000
00000000
00000000
00000000
00000000
00000000

00000011
01111110
11011010
01000000
00000000
00000000
00000000
00000000

00111100
00100000
11111000
01101100
01000000
00000000
00000000
00000000

11000000
01111000
01000000
01000000
00000000
00000000
00000000
00000000

11111000
11011000
10000000
00000000
00000000
00000000
00000000
00000000

00100000
00100000
11100000
01000000
01000000
00000000
00000000
00000000

11000000
00000000
00000000
00000000
00000000
00000000
00000000
00000000

00100000
11110000
00100000
00110000
00100000
00000000
00000000
00000000

00001111
00111001
11110001
10000000
00000000
00000000
00000000
00000000

11111100
11110000
00000000
00000000
00000000
00000000
00000000
00000000

00000100
01111100
00100000
11110000
10010000
00000000
00000000
00000000

10000000
10000000
10000000
00000000
00000000
00000000
00000000
00000000

11000000
10000000
10000000
10000000
00000000
00000000
00000000
00000000

10000000
00000000
00000000
00000000
00000000
00000000
00000000
00000000

00011100
00010110
00110000
11100000
00000000
00000000
00000000
00000000

00010000
01111000
01000000
11000000
00000000
00000000
00000000
00000000

11000000
00000000
00000000
00000000
00000000
00000000
00000000
00000000

01000000
11000000
10000000
11100000
00000000
00000000
00000000
00000000

00100000
01110000
11000000
10000000
00000000
00000000
00000000
00000000

00111000
00100000
11110000
01011000
01010000
00000000
00000000
00000000

11110100
00011100
00011000
00011000
00010000
00000000
00000000
00000000

00001000
01111110
01000000
11110000
00000000
00000000
00000000
00000000

11000000
11000000
00000000
00000000
00000000
00000000
00000000
00000000

00001100
00111100
01110000
11100000
00000000
00000000
00000000
00000000

10111110
11111110
11000000
10000000
00000000
00000000
00000000
00000000

11110000
00000000
00000000
00000000
00000000
00000000
00000000
00000000

11110000
10000000
10000000
00000000
00000000
00000000
00000000
00000000

01000000
11100000
01000000
00000000
00000000
00000000
00000000
00000000

00001000
00001100
00011000
01110000
11000000
00000000
00000000
00000000

00100000
00100000
01100000
11000000
10000000
00000000
00000000
00000000

01000000
01110000
11000000
01000000
00000000
00000000
00000000
00000000

11100000
01000000
01100000
01000000
01000000
01000000
00000000
00000000

11110000
10111000
10000000
11111000
10000000
00000000
00000000
00000000

11000000
00000000
00000000
00000000
00000000
00000000
00000000
00000000

11100000
10000000
00000000
00000000
00000000
00000000
00000000
00000000

00110100
00011100
11110000
00011000
00001000
00000000
00000000
00000000

11000000
10000000
11000000
00000000
00000000
00000000
00000000
00000000

01000000
11100000
01000000
00000000
00000000
00000000
00000000
00000000

00010000
01110000
00110000
00111100
11100000
00000000
00000000
00000000

11110000
11110000
01000000
11000000
01100000
00000000
00000000
00000000

11110000
01100000
01100000
01000000
00000000
00000000
00000000
00000000

11000000
10000000
00000000
00000000
00000000
00000000
00000000
00000000

01100000
01000000
11000000
01000000
01000000
01000000
01000000
00000000

11100000
10100000
10000000
00000000
00000000
00000000
00000000
00000000

10010000
11110000
01000000
01000000
00000000
00000000
00000000
00000000

00010000
11110000
10000000
00000000
00000000
00000000
00000000
00000000

00011100
00010111
00110000
11111000
01000000
00000000
00000000
00000000

10000000
10000000
11100000
01000000
01000000
11100000
10000000
00000000

00110000
01100000
11000000
10000000
00000000
00000000
00000000
00000000

01000000
01111000
11001000
00000000
00000000
00000000
00000000
00000000

00111111
00100010
11110110
00000000
00000000
00000000
00000000
00000000

10000000
00000000
00000000
00000000
00000000
00000000
00000000
00000000

00000001
11111111
00101100
00000000
00000000
00000000
00000000
00000000

01000000
11100000
00110000
01100000
00111000
00000000
00000000
00000000

11100000
01000000
01000000
00000000
00000000
00000000
00000000
00000000

10000000
10000000
10000000
00000000
00000000
00000000
00000000
00000000

11000000
00000000
00000000
00000000
00000000
00000000
00000000
00000000

10000000
00000000
00000000
00000000
00000000
00000000
00000000
00000000

11111000
10110000
10010000
10000000
10000000
00000000
00000000
00000000

11000111
01111101
00110001
00000000
00000000
00000000
00000000
00000000

00110000
11100000
10000000
10000000
10000000
00000000
00000000
00000000

11100000
10000000
10000000
00000000
00000000
00000000
00000000
00000000

00001000
11111000
11010000
00010000
00000000
00000000
00000000
00000000

00110000
11100000
10000000
00000000
00000000
00000000
00000000
00000000

11000000
10000000
00000000
00000000
00000000
00000000
00000000
00000000

01111110
11100111
10100101
00000000
00000000
00000000
00000000
00000000

00000001
00001111
10111000
11100000
00000000
00000000
00000000
00000000

00111101
01110111
11010110
00000000
00000000
00000000
00000000
00000000

00111000
01100000
11000000
10000000
00000000
00000000
00000000
00000000

11100000
01000000
01000000
00000000
00000000
00000000
00000000
00000000

01000000
11000000
10000000
00000000
00000000
00000000
00000000
00000000

11111000
00100000
00000000
00000000
00000000
00000000
00000000
00000000

11000000
10000000
00000000
00000000
00000000
00000000
00000000
00000000

11100000
11100000
00000000
00000000
00000000
00000000
00000000
00000000

11111000
11010000
00000000
00000000
00000000
00000000
00000000
00000000

11110000
01010000
00000000
00000000
00000000
00000000
00000000
00000000

11000000
00000000
00000000
00000000
00000000
00000000
00000000
00000000

01111000
01101000
11101000
10000000
00000000
00000000
00000000
00000000
