11111111111111111111111111111111
10100000000000000000000000000001
10010001000000100000000001100001
10001001100001110011110001010001
10000100010000011110010011000001
10001100011000001000001100011001
10011000011000111000000100000101
10010010001001000010011100001001
10011011111110000100101000010001
10000100100000011110001001100001
10000000110011000011001010110001
10001100010000100010111010010001
10010110011000100100000000100001
10100011110011000010010001101001
10100010000100001100001010010001
10001100110000010001010100010101
10001100010000111110000010000101
10000000100000100011001110000101
10000111000011000011110010001001
10001000000001000000000010010001
10001000011110000011100000010001
10010001010010001110010000111001
10011100110001100000011100000101
10000010010001000010010100001001
10010101000111001101110010111001
10111101000010011000000001000001
10000101000011111000110001001001
10011100011000000000101000010001
10010100100101111011000111101001
10100011100011000100100010001001
10000000000000000000000000000001
11111111111111111111111111111111

150
01111000
01011000
00011000
00000000
00000000
00000000
00000000
00000000

01111100
00010000
00010000
00000000
00000000
00000000
00000000
00000000

00000000
00000000
00100000
10100000
11111000
00100000
11111000
00000000

00000000
00000000
00000000
00000001
00000001
00000111
00000001
00000111

00000000
00000000
00110000
00111000
00111000
00000000
00000000
00000000

00000000
00000000
00000100
00000100
00000111
00000100
00000100
00000000

00000000
00000000
00000000
00000000
00111100
00010000
00010000
00000000

00111110
00000011
00000011
00000010
00000010
00000000
00000000
00000000

00101000
00101000
11111110
00101000
00101000
00000000
00000000
00000000

00000000
00000000
01100000
00100000
00100000
00100000
00110000
00000000

00000000
11000000
11000000
11110000
00011100
00001100
00000000
00000000

00000000
00000000
00000000
00000000
01000000
01110000
01000000
01000000

00000000
00000000
00000000
00000000
00011100
11001100
10001100
11111100

00000000
00000000
00100000
00100000
00110000
00000000
00000000
00000000

00010100
00010100
01111111
00010100
00010000
00000000
00000000
00000000

11100000
11000000
11000000
01000000
00000000
00000000
00000000
00000000

00001111
00001111
00000000
00000000
00000000
00000000
00000000
00000000

00000000
00000000
00000000
01000000
01110000
00110000
00000000
00000000

00000011
00000011
00000000
00000000
00000000
00000000
00000000
00000000

00000100
00000100
00011111
00000100
00000100
00000000
00000000
00000000

00000000
00000000
00000001
00000001
00010111
01010001
01111111
00000000

00000000
00000000
00000000
00010100
00010100
01111100
00010100
00010000

00000010
00000000
00000000
00000000
00000000
00000000
00000000
00000000

00000110
00000011
00000011
00000011
00000111
00000100
00000000
00000000

00000101
00000101
00011111
00000101
00000100
00000000
00000000
00000000

00000000
00000000
00000000
00000000
00011000
00011000
00000000
00000000

00000000
00000000
00000000
00000001
00000001
00010111
00010001
01111111

00000000
00000000
00110000
00000000
00000000
00000000
00000000
00000000

00000000
00001000
00001000
00001000
00001000
00001000
00001000
00111000

00000000
00000000
00101000
00101000
11111110
00101000
00101000
00000000

00000000
00000000
00000000
10000000
11100000
10000000
11100000
00000000

00010000
11110000
00100000
00000000
00000000
00000000
00000000
00000000

00000010
00000010
00000010
00000010
00000000
00000000
00000000
00000000

00000000
00000000
00000000
00000000
00000000
01000000
01100000
01110000

00000000
01111100
01000100
01110000
01000000
01110000
01000000
01000000

00000010
00001010
00111110
00000010
00000010
00000000
00000000
00000000

11110000
11111000
01101000
01101100
00000000
00000000
00000000
00000000

00111111
00101100
00000000
00000000
00000000
00000000
00000000
00000000

00001111
00011101
00000001
00000000
00000000
00000000
00000000
00000000

00000000
00000000
00000000
00000000
00001000
00000000
00000000
00000000

00000000
00000000
00000000
00000001
00000001
00000111
00000101
00000001

00000000
00001110
00000010
00000000
00000000
00000000
00000000
00000000

00000000
00000000
00000000
00000000
00000001
00011111
00000000
00000000

10000000
11110000
00000000
00000000
00000000
00000000
00000000
00000000

00000000
00000010
00000010
00001110
00000010
00001110
00000000
00000000

00001111
00000011
00000010
00001110
00001100
00000000
00000000
00000000

00000000
00000000
00000000
00010000
01010000
01010000
01111100
00000000

00000000
00000000
00000100
00000100
00000100
00000100
00000100
00000000

00000000
00000000
00000000
00000010
00000000
00000000
00000000
00000000

01111111
00010101
00010101
00000001
00000001
00000000
00000000
00000000

00000000
00000000
00010101
00010101
00111111
00000001
00000111
00000000

00000000
00000000
11000000
10000000
10101000
10101000
11111110
00000000

00000000
00000000
00000000
00000000
01000000
01000000
01100000
01110000

00000000
00000000
00000000
00000000
00000000
00010000
01010000
01111100

00000111
00000000
00000000
00000000
00000000
00000000
00000000
00000000

00000000
00000000
00000100
00000100
00000111
00000100
00011111
00000000

00000000
00000000
00000000
00000010
00000010
00001110
00000100
00000000

00000100
00000100
00011100
00000100
00000100
00000000
00000000
00000000

00000000
00000000
00010000
00010000
01110100
00010100
01111111
00000000

00000000
01100000
01000000
01010000
01010000
01111100
01010000
01010000

11100000
10000000
10000000
10000000
11111000
10100000
10100000
00000000

00000000
00100000
00111100
00000110
00000110
00000000
00000000
00000000

00000000
00000000
00000101
00000101
00011111
00000001
00000111
00000000

00000000
00000000
00000000
00000000
00000000
10000000
11100000
00000000

11100000
11100000
11000000
00000000
00000000
00000000
00000000
00000000

00000000
00000000
00000000
00000000
00000000
00000100
00000100
00011111

00000000
00000000
00001010
00001010
00111110
00100010
00101110
00000000

11110000
00110000
01100000
00000000
00000000
00000000
00000000
00000000

00000000
00000000
00000000
00000000
01111100
01100000
00100000
00000000

00000000
00000000
00000000
00000000
00000000
01000000
00000000
00000000

00000000
00000000
00000000
00000100
00001100
00001100
00001100
00000000

11111000
00100000
00000000
00000000
00000000
00000000
00000000
00000000

00000000
00000000
00001000
00001010
00101110
00101000
11111110
00000000

00000000
00000000
00000000
00000000
00000000
10110000
10100000
11111000

00000000
00000000
00000000
00000000
00000000
10000000
00000000
00000000

00000000
00001000
00001000
00001000
00000000
00000000
00000000
00000000

00000000
00000000
00000000
00000000
00000000
00000000
00000110
00000110

11000000
11000000
01110000
01110000
00100000
00100000
00000000
00000000

00000000
00000000
00000000
00000000
00000000
00000001
00000001
00000001

00000000
00000000
00000000
00000000
00000000
00000000
00000000
00001000

00001010
00001010
00001110
00001010
00001010
00000010
00001110
00000000

00000000
00000000
00010000
00010000
00010000
00010000
00000000
00000000

00000000
00000000
00000100
00000100
00011111
00000100
00000100
00000000

00000000
00000000
00110000
10110000
11100000
00000000
00000000
00000000

00000000
00000000
00000000
00000000
00000011
00000001
00000011
00000010

00100000
00100000
01100000
00100000
00110000
00000000
00000000
00000000

01110000
01000000
01110000
01010000
01010000
00000000
00000000
00000000

00000000
00000000
00000000
11000000
11000000
11100000
00100110
00111100

00000000
00001100
00001100
00000000
00000000
00000000
00000000
00000000

00000000
00000000
00000000
00000000
00000000
00001100
00001100
00001100

00000000
00000100
00111100
00100000
11100000
11100000
00100000
00000000

00000000
00000000
00000000
00001111
00000001
00000000
00000000
00000000

00000000
00111100
00001100
00001000
00000000
00000000
00000000
00000000

00000000
00000000
00000000
00000000
00000000
00011000
00001000
00011000

00001110
00000010
00001110
00000010
00001010
00001010
00001110
00000000

00100000
00100000
11110000
00100000
00100000
00000000
00000000
00000000

00000000
00000000
00000000
00000100
00000100
00011111
00000100
00000111

01111111
00010001
00010111
00000001
00000001
00000000
00000000
00000000

00000000
00000000
00000000
00000000
00000000
00000111
00000001
00000001

10100000
11110000
10010000
00010000
00010000
00010000
00010000
00010000

00000000
00000010
00000010
00000110
00000010
00000010
00000000
00000000

00000000
00000000
00000000
00000000
00000000
00000000
01100000
01000000

00000000
00000000
00000000
00000000
00000101
00000111
00000011
00000011

00000000
00000000
00000000
00000000
01110000
01110000
00110000
00000000

00000000
00000000
01011000
11111000
11100000
00000000
00000000
00000000

00000000
00000000
00110000
00011000
00001000
00001000
00001000
00011100

00000000
00000000
00000000
00000000
00000000
00000000
11000000
11000000

00000000
00000000
00000000
00010000
01111100
00010000
01111100
00000000

00000000
00000000
00000000
01110000
01110000
00000000
00000000
00000000

00000000
00000000
00000000
00000000
11100000
11100000
11100000
11100000

00000000
00000000
00000000
00001000
00001111
00000011
00000011
00000011

00000000
01010000
01010000
01111110
01010100
01010100
00000000
00000000

00000000
00000000
00000000
00001000
00000000
00000000
00000000
00000000

11000000
10000000
10000000
00000000
00000000
00000000
00000000
00000000

00000000
00000001
00000111
00000001
00000001
00000000
00000000
00000000

00000000
00000000
00000000
00000000
00000000
00000000
00000110
00111111

00000000
01000000
01000000
01100000
01000000
01000000
00000000
00000000

00000000
00000000
00000000
00000001
00000001
00000011
00000001
00000111

00000000
00000000
00000000
00000000
00000000
00100000
00100000
00100000

00001110
00000010
00000010
00000011
00000110
00000000
00000000
00000000

01110000
01000000
01111100
01010000
01010000
00000000
00000000
00000000

00000000
00000000
00000000
00010000
00010000
11110000
11100000
11100000

00000000
00000000
00000001
00000001
00000111
00000001
00011111
00000000

01110000
01110000
00110000
00010000
00000000
00000000
00000000
00000000

00000000
00000000
00000000
00000000
00000000
11010000
11111100
00000000

00000000
00000001
00000011
00000000
00000000
00000000
00000000
00000000

00000000
00000000
00000000
00000000
00000000
00001000
00001000
01111110

00000011
00000011
00000011
00000011
00000011
00000000
00000000
00000000

00000000
00000000
00000000
00000000
00000000
10100000
10100000
11111000

00000000
10000000
11100000
11100000
01111000
00000000
00000000
00000000

00000000
00000000
00000000
00000000
00000000
00000101
00000101
00111111

00000000
00000000
00000000
00010100
00010100
00011111
00000100
00000100

00000000
00000000
00000000
00100000
00100000
00000000
00000000
00000000

00000000
00000000
01000000
00000000
00000000
00000000
00000000
00000000

01111111
00010100
00010100
00010000
00010000
00010000
00010000
00000000

00000000
00000000
00010100
00010100
01111100
00010000
00010000
00000000

00000000
00000000
00000000
00000000
00000000
10000000
11010000
01110000

00000000
01111111
00010100
00010100
00000100
00000100
00000000
00000000

00000000
01111111
00000100
00011111
00000100
00000100
00000000
00000000

00000000
00000000
00000000
00000000
00010000
00010000
00010000
00000000

11111000
11000000
11000000
10000000
11000000
01100000
00000000
00000000

00000000
00000000
00000000
00000000
00000100
00000100
00001111
00000000

00000000
00000000
00000000
01110000
00111000
00111110
00001100
00001100

10000000
11000000
11000000
11000000
01000000
11000000
00000000
00000000

00000000
11111110
00101010
00101010
00000000
00000000
00000000
00000000

00000000
00000000
00000000
00000000
00000010
00000010
00000010
00000000

00010000
00011000
00000000
00000000
00000000
00000000
00000000
00000000

01111000
01000000
01000000
00000000
00000000
00000000
00000000
00000000

00000000
00000000
00000001
00000001
00110111
00010001
01111111
00000000

00110000
00110000
11110000
00110000
00000000
00000000
00000000
00000000
