00000000000000000001000000000000
01000000001000100000000000000010
00000010000000000000000100000000
00000000000000000000000010000000
00000000000000010000001000000000
00000000000000000000000000000000
00001000100000000000000000010010
00010000000000000010000000000000
00000000000000000000100010000010
10000000010000000001000000000000
00000100000000010000000000000000
00000000000000000000000000000000
01000000000100000000000000010001
00000000000000000000000000000000
00000000000000000000000000000000
00000001000000010010100000000000
00000000010000000000000000000000
00101000000000000000000000001000
00000000000000000000000100010000
00000000000001000010000000000000
00000000000000000000000001000000
00000000100000000000000000001000
01000000000001000100001000000000
00000001000000000000000000000000
00000000001000000000000000000000
01000000000000100000000001000010
00000000000000000010000000000000
00000010000000000000010000000000
00000000000000000000000000000000
00001000010000000000000000000000
01000000000001000000000100100000
00000000000000001000000000000001

256
11000000
00000000
00000000
00000000
00000000
00000000
00000000
00000000

00010000
00111000
11101100
01100100
00000000
00000000
00000000
00000000

10000000
10000000
10000000
00000000
00000000
00000000
00000000
00000000

11111101
01000111
11100101
00000000
00000000
00000000
00000000
00000000

11110000
10010000
00000000
00000000
00000000
00000000
00000000
00000000

00100000
11110000
11010000
00000000
00000000
00000000
00000000
00000000

10000000
00000000
00000000
00000000
00000000
00000000
00000000
00000000

00111100
00100000
01110000
11100000
01100000
00000000
00000000
00000000

00111110
01111111
11100001
00000000
00000000
00000000
00000000
00000000

11000000
10000000
10000000
10000000
00000000
00000000
00000000
00000000

11111000
11010000
00000000
00000000
00000000
00000000
00000000
00000000

01111000
01000000
01000000
11110000
11010000
00000000
00000000
00000000

01111110
01010000
11000000
00000000
00000000
00000000
00000000
00000000

00110000
11100000
00100000
00100000
00000000
00000000
00000000
00000000

00100000
00100000
11111100
00100100
00000000
00000000
00000000
00000000

00111001
00111111
00010000
11110000
00000000
00000000
00000000
00000000

11010111
01011111
01111000
00000000
00000000
00000000
00000000
00000000

11000000
00000000
00000000
00000000
00000000
00000000
00000000
00000000

10010010
10111111
11100000
10000000
00000000
00000000
00000000
00000000

10000000
00000000
00000000
00000000
00000000
00000000
00000000
00000000

11110000
00000000
00000000
00000000
00000000
00000000
00000000
00000000

11000000
00000000
00000000
00000000
00000000
00000000
00000000
00000000

10000000
00000000
00000000
00000000
00000000
00000000
00000000
00000000

00111000
11100000
11000000
00000000
00000000
00000000
00000000
00000000

00011000
01110000
11000000
11000000
01000000
01000000
00000000
00000000

11100000
10000000
00000000
00000000
00000000
00000000
00000000
00000000

10000000
00000000
00000000
00000000
00000000
00000000
00000000
00000000

00001111
01111000
01010000
11000000
00000000
00000000
00000000
00000000

11111111
01001010
01001000
01000000
00000000
00000000
00000000
00000000

00011000
00010000
11110000
00010000
00010000
00010000
00010000
00000000

01100110
01111111
11110100
00000000
00000000
00000000
00000000
00000000

00100000
00100000
01111000
11000000
00000000
00000000
00000000
00000000

00001000
00001000
01111000
11000000
01000000
01000000
00000000
00000000

00110000
00011110
11110100
00000100
00000000
00000000
00000000
00000000

01100000
01100000
11000000
10000000
00000000
00000000
00000000
00000000

10000000
11011110
11111010
01000000
00000000
00000000
00000000
00000000

10000000
00000000
00000000
00000000
00000000
00000000
00000000
00000000

10000000
00000000
00000000
00000000
00000000
00000000
00000000
00000000

10000000
00000000
00000000
00000000
00000000
00000000
00000000
00000000

11000000
00000000
00000000
00000000
00000000
00000000
00000000
00000000

11100000
10100000
10000000
10000000
00000000
00000000
00000000
00000000

10000000
10010000
11110000
11000000
01000000
00000000
00000000
00000000

00011000
00010000
00011000
00010000
11110000
00100000
00000000
00000000

00011000
11110000
11100000
01000000
00000000
00000000
00000000
00000000

11000000
10000000
11000000
00000000
00000000
00000000
00000000
00000000

11111000
10001000
10000000
00000000
00000000
00000000
00000000
00000000

00110000
00110000
00100000
01100000
01000000
01000000
11000000
00000000

11100000
01000000
00000000
00000000
00000000
00000000
00000000
00000000

01000000
01100000
11100000
11000000
01000000
00000000
00000000
00000000

11111110
00111010
01110011
00000000
00000000
00000000
00000000
00000000

10000000
11110000
10000000
00000000
00000000
00000000
00000000
00000000

01011110
01111111
11011000
00000000
00000000
00000000
00000000
00000000

11110000
00000000
00000000
00000000
00000000
00000000
00000000
00000000

00101110
11111010
01101000
01000000
00000000
00000000
00000000
00000000

11111000
10001000
10000000
00000000
00000000
00000000
00000000
00000000

10000000
00000000
00000000
00000000
00000000
00000000
00000000
00000000

01000000
01110000
01000000
01000000
01000000
11000000
01000000
01000000

00011110
00110110
10010000
11110000
01000000
00000000
00000000
00000000

01101110
00111110
11111000
10000000
00000000
00000000
00000000
00000000

10000000
00000000
00000000
00000000
00000000
00000000
00000000
00000000

11110000
10000000
10000000
10000000
00000000
00000000
00000000
00000000

01000000
11110000
01000000
00000000
00000000
00000000
00000000
00000000

10000000
00000000
00000000
00000000
00000000
00000000
00000000
00000000

11111100
11010000
01000000
00000000
00000000
00000000
00000000
00000000

01100000
11000000
01000000
00000000
00000000
00000000
00000000
00000000

01000000
11110000
10011000
00000000
00000000
00000000
00000000
00000000

10000000
10000000
10000000
00000000
00000000
00000000
00000000
00000000

11111111
10100001
10100000
10000000
00000000
00000000
00000000
00000000

00100000
01100000
01000000
11000000
01000000
00000000
00000000
00000000

01111110
01111010
11010010
10000000
00000000
00000000
00000000
00000000

00111111
10010010
11111000
00100000
00000000
00000000
00000000
00000000

11011110
11110011
10010011
00000000
00000000
00000000
00000000
00000000

11110100
01111100
11101100
10000000
00000000
00000000
00000000
00000000

00100000
10111100
11110100
10000000
00000000
00000000
00000000
00000000

11100000
01000000
01000000
01100000
00000000
00000000
00000000
00000000

01111000
11110000
00000000
00000000
00000000
00000000
00000000
00000000

11111100
01110110
01000000
00000000
00000000
00000000
00000000
00000000

00111110
00100111
11100100
01000000
00000000
00000000
00000000
00000000

00010000
11111000
01000000
11100000
10000000
00000000
00000000
00000000

10000000
10000000
10000000
00000000
00000000
00000000
00000000
00000000

01000000
11100000
10000000
10000000
00000000
00000000
00000000
00000000

00000100
00001110
11111100
00001100
00000000
00000000
00000000
00000000

11000000
11000000
10000000
00000000
00000000
00000000
00000000
00000000

11111100
10111110
10010010
10000000
00000000
00000000
00000000
00000000

01111110
11110110
11110000
00000000
00000000
00000000
00000000
00000000

11111111
01010100
11010100
10000000
00000000
00000000
00000000
00000000

01111111
00010100
11110100
00000000
00000000
00000000
00000000
00000000

11100000
10000000
00000000
00000000
00000000
00000000
00000000
00000000

10100010
11111110
10110000
10000000
00000000
00000000
00000000
00000000

01010000
11110000
01010000
00000000
00000000
00000000
00000000
00000000

01100000
01000000
11000000
10000000
10000000
00000000
00000000
00000000

11100000
01100000
01000000
01000000
00000000
00000000
00000000
00000000

00111000
00111000
11100000
00100000
00100000
00000000
00000000
00000000

00111000
00100000
11100000
00000000
00000000
00000000
00000000
00000000

10000000
00000000
00000000
00000000
00000000
00000000
00000000
00000000

11000000
10000000
11000000
00000000
00000000
00000000
00000000
00000000

11000000
10000000
00000000
00000000
00000000
00000000
00000000
00000000

11000000
00000000
00000000
00000000
00000000
00000000
00000000
00000000

11000000
10000000
11000000
00000000
00000000
00000000
00000000
00000000

11111100
00100100
01100000
01111100
00000000
00000000
00000000
00000000

00001000
11111000
10100000
00000000
00000000
00000000
00000000
00000000

01000000
11000000
10000000
00000000
00000000
00000000
00000000
00000000

00001000
01101100
00111000
11100000
00110000
00000000
00000000
00000000

11000000
01110000
00100000
00100000
00000000
00000000
00000000
00000000

00100100
00111100
00100100
11100000
00110000
00000000
00000000
00000000

00110000
00111000
01100000
11000000
11000000
00000000
00000000
00000000

00010000
11110000
10000000
10000000
11000000
00000000
00000000
00000000

10000000
11100000
11000000
10000000
00000000
00000000
00000000
00000000

11111110
00100010
01110110
00000000
00000000
00000000
00000000
00000000

11110000
00100000
00100000
00100000
00110000
00000000
00000000
00000000

00100000
01100000
11000000
10000000
11000000
10000000
10000000
10000000

00000010
00011110
01110000
11000000
00000000
00000000
00000000
00000000

01110000
11010000
00000000
00000000
00000000
00000000
00000000
00000000

11100000
01000000
00000000
00000000
00000000
00000000
00000000
00000000

01100000
01000000
11000000
01000000
01000000
01100000
01000000
01000000

11000000
00000000
00000000
00000000
00000000
00000000
00000000
00000000

00110000
01100000
11000000
00000000
00000000
00000000
00000000
00000000

11110000
01010000
00000000
00000000
00000000
00000000
00000000
00000000

01000000
11000000
10000000
00000000
00000000
00000000
00000000
00000000

11010100
01111111
11100101
00000000
00000000
00000000
00000000
00000000

10000000
11000000
10000000
10000000
00000000
00000000
00000000
00000000

00001111
11111110
00110010
00000000
00000000
00000000
00000000
00000000

10000000
10000000
10000000
10000000
10000000
00000000
00000000
00000000

01011100
01010110
01110100
11000000
01000000
00000000
00000000
00000000

01000000
11100000
10000000
10000000
11100000
01000000
01000000
00000000

00110000
00011000
00111000
11110000
00110000
00000000
00000000
00000000

10000000
00000000
00000000
00000000
00000000
00000000
00000000
00000000

00001000
00111000
11110000
10100000
00000000
00000000
00000000
00000000

01100000
01000000
11000000
00000000
00000000
00000000
00000000
00000000

01000000
01111000
01000000
01000000
11000000
00000000
00000000
00000000

00111110
11110000
01111000
00110000
00000000
00000000
00000000
00000000

10000000
00000000
00000000
00000000
00000000
00000000
00000000
00000000

11100000
01000000
00000000
00000000
00000000
00000000
00000000
00000000

00111100
10100100
11100100
11000000
00000000
00000000
00000000
00000000

00110000
00110000
11100000
10000000
11000000
00000000
00000000
00000000

00100000
01110000
01010000
11000000
00000000
00000000
00000000
00000000

11100110
01111111
01010000
00000000
00000000
00000000
00000000
00000000

00110000
11100000
10100000
10000000
00000000
00000000
00000000
00000000

11000000
00000000
00000000
00000000
00000000
00000000
00000000
00000000

11100000
11000000
10000000
10000000
00000000
00000000
00000000
00000000

01000000
01100000
01110000
01110000
11000000
00000000
00000000
00000000

01000000
01000000
11100000
10100000
10100000
10000000
00000000
00000000

10011000
11110000
01000000
01100000
00000000
00000000
00000000
00000000

11100000
10000000
11100000
10000000
11100000
00000000
00000000
00000000

10000000
11100000
01100000
11000000
01000000
00000000
00000000
00000000

01111110
11011000
00000000
00000000
00000000
00000000
00000000
00000000

10000000
10000000
11110000
10000000
10000000
00000000
00000000
00000000

11100000
10000000
00000000
00000000
00000000
00000000
00000000
00000000

00011000
00110000
11100000
00100000
00000000
00000000
00000000
00000000

11000000
00000000
00000000
00000000
00000000
00000000
00000000
00000000

10000000
11000000
11100000
10000000
10000000
10000000
00000000
00000000

01110000
11010000
00000000
00000000
00000000
00000000
00000000
00000000

10111110
10100100
11110000
00011000
00000000
00000000
00000000
00000000

10000000
00000000
00000000
00000000
00000000
00000000
00000000
00000000

00100000
11111000
10101000
10000000
00000000
00000000
00000000
00000000

11110000
01000000
11000000
01000000
00000000
00000000
00000000
00000000

11100000
10100000
10000000
00000000
00000000
00000000
00000000
00000000

00010000
11111000
00100000
00100000
00000000
00000000
00000000
00000000

00011100
00110100
01110100
11110000
10000000
00000000
00000000
00000000

00100000
01100000
11000000
01100000
00000000
00000000
00000000
00000000

01110000
01000000
01000000
11000000
01100000
00000000
00000000
00000000

10100000
10111100
11101110
10000000
00000000
00000000
00000000
00000000

11111111
11010001
11010001
00000000
00000000
00000000
00000000
00000000

11110000
00000000
00000000
00000000
00000000
00000000
00000000
00000000

00011110
11110000
01011000
00010000
00000000
00000000
00000000
00000000

11111110
00111010
00100000
00000000
00000000
00000000
00000000
00000000

00010000
01110000
01000000
11000000
00000000
00000000
00000000
00000000

11000000
00000000
00000000
00000000
00000000
00000000
00000000
00000000

10000000
00000000
00000000
00000000
00000000
00000000
00000000
00000000

10000000
00000000
00000000
00000000
00000000
00000000
00000000
00000000

11000000
10000000
00000000
00000000
00000000
00000000
00000000
00000000

01100000
01100000
01000000
01100000
11000000
00000000
00000000
00000000

11000000
10000000
00000000
00000000
00000000
00000000
00000000
00000000

00001111
00001010
10011010
11110010
00000000
00000000
00000000
00000000

11000000
01110000
01010000
01000000
00000000
00000000
00000000
00000000

11110000
01010000
00000000
00000000
00000000
00000000
00000000
00000000

00111000
01100000
01111110
11100000
01000000
00000000
00000000
00000000

00111000
00111100
00100000
11110000
00010000
00000000
00000000
00000000

00010000
01110000
11111000
01101000
00100000
00000000
00000000
00000000

11110000
10010000
11000000
00000000
00000000
00000000
00000000
00000000

00100000
00100000
01100000
11000000
00000000
00000000
00000000
00000000

10000000
10000000
10000000
00000000
00000000
00000000
00000000
00000000

01111110
00011000
11111000
00000000
00000000
00000000
00000000
00000000

01000000
11000000
10000000
00000000
00000000
00000000
00000000
00000000

00111111
11101000
01001000
00000000
00000000
00000000
00000000
00000000

10000000
00000000
00000000
00000000
00000000
00000000
00000000
00000000

00111000
11100000
00000000
00000000
00000000
00000000
00000000
00000000

11000000
00000000
00000000
00000000
00000000
00000000
00000000
00000000

11000100
01111110
01000100
01000000
00000000
00000000
00000000
00000000

00111100
01100000
11000000
00000000
00000000
00000000
00000000
00000000

00000100
00011100
00111100
00010000
11110000
00000000
00000000
00000000

11100100
11111100
11010000
01000000
00000000
00000000
00000000
00000000

10000000
00000000
00000000
00000000
00000000
00000000
00000000
00000000

00011110
00010011
10110010
11110000
00000000
00000000
00000000
00000000

00100000
00100000
11100000
10100000
10000000
00000000
00000000
00000000

11110000
01000000
01000000
01100000
01000000
00000000
00000000
00000000

00100001
11111111
10010100
10000000
00000000
00000000
00000000
00000000

11011100
11110110
11110010
00000000
00000000
00000000
00000000
00000000

11000000
10000000
00000000
00000000
00000000
00000000
00000000
00000000

01100000
11000000
01000000
00000000
00000000
00000000
00000000
00000000

00111000
11100000
10100000
00000000
00000000
00000000
00000000
00000000

11111110
00010000
00000000
00000000
00000000
00000000
00000000
00000000

01000000
01000000
01000000
11100000
01000000
01111000
00000000
00000000

00010000
00010000
11011110
01110100
00000000
00000000
00000000
00000000

01100000
01100000
01000000
11000000
00000000
00000000
00000000
00000000

10010000
11110000
11100000
01000000
00000000
00000000
00000000
00000000

11111000
00100000
00000000
00000000
00000000
00000000
00000000
00000000

01010000
01110000
01000000
11000000
01000000
00000000
00000000
00000000

11100000
11100000
10000000
11000000
00000000
00000000
00000000
00000000

00010000
01111000
00110000
11111000
01000000
00000000
00000000
00000000

01110000
11100000
01000000
01100000
00000000
00000000
00000000
00000000

00010000
11111100
00100000
00111000
00110000
00000000
00000000
00000000

10101000
11111110
11100100
00000000
00000000
00000000
00000000
00000000

00000100
00011100
01110000
11010000
00000000
00000000
00000000
00000000

10100101
10111111
11100001
10000000
00000000
00000000
00000000
00000000

11111111
01100110
00000000
00000000
00000000
00000000
00000000
00000000

00111000
01100000
01000000
11111100
10000000
00000000
00000000
00000000

01111100
11010110
11010100
00000000
00000000
00000000
00000000
00000000

01111100
11100000
01000000
01000000
00000000
00000000
00000000
00000000

11011100
01110110
01010100
01000000
00000000
00000000
00000000
00000000

00111110
01100100
01000000
11100000
10000000
00000000
00000000
00000000

01001111
01111110
11010000
00000000
00000000
00000000
00000000
00000000

01110000
11010000
10010000
10010000
00000000
00000000
00000000
00000000

00111110
00010110
11110010
01000000
00000000
00000000
00000000
00000000

01101000
00111000
00100000
11100000
10110000
00000000
00000000
00000000

00100111
11111111
00101000
00000000
00000000
00000000
00000000
00000000

11110000
10010000
11000000
00000000
00000000
00000000
00000000
00000000

01111100
00111100
11110100
00000000
00000000
00000000
00000000
00000000

00110100
00011100
00010000
11110000
10100000
00000000
00000000
00000000

00111000
11100000
01100000
01000000
00000000
00000000
00000000
00000000

00110000
01111000
00110000
11100000
01100000
00000000
00000000
00000000

10000000
00000000
00000000
00000000
00000000
00000000
00000000
00000000

11000000
00000000
00000000
00000000
00000000
00000000
00000000
00000000

00100010
11111110
00110100
00000000
00000000
00000000
00000000
00000000

00010000
00010000
01111000
11000000
01110000
00000000
00000000
00000000

11110100
11111100
11110000
10000000
00000000
00000000
00000000
00000000

11110000
10000000
10000000
00000000
00000000
00000000
00000000
00000000

00011000
00111000
00100000
00100000
11100000
00100000
00000000
00000000

10000000
10000000
10000000
00000000
00000000
00000000
00000000
00000000

11110000
01000000
01000000
00000000
00000000
00000000
00000000
00000000

11000000
10000000
10000000
10000000
00000000
00000000
00000000
00000000

00011110
00110000
11100000
00100000
00000000
00000000
00000000
00000000

00111000
11101000
10101000
00001100
00000000
00000000
00000000
00000000

11100000
10000000
00000000
00000000
00000000
00000000
00000000
00000000

11000000
00000000
00000000
00000000
00000000
00000000
00000000
00000000

10000000
11000000
10000000
10000000
00000000
00000000
00000000
00000000

10000000
10000000
10000000
00000000
00000000
00000000
00000000
00000000

01100000
01111100
01000000
11110000
01000000
00000000
00000000
00000000

01101110
11111100
11110000
10000000
00000000
00000000
00000000
00000000

00100000
11110000
01100000
11000000
00000000
00000000
00000000
00000000

11000000
11000000
10000000
00000000
00000000
00000000
00000000
00000000

00010000
00010000
00110000
11100000
11000000
01000000
00000000
00000000

00000110
11111100
11000000
00000000
00000000
00000000
00000000
00000000

01110000
01000000
01000000
01000000
01000000
11000000
00000000
00000000

01100000
11000000
10000000
10000000
10000000
00000000
00000000
00000000

00111100
11100000
00100000
00000000
00000000
00000000
00000000
00000000
