11111111111111111111111111111111
10000000000000000000000000000001
11111111111111111111111111111101
10000000000000000000000000000101
10111111111111111111111111110101
10100000000000000000000000010101
10101111111111111111111111010101
10101000000000000000000001010101
10101011111111111111111101010101
10101010000000000000000101010101
10101010111111111111110101010101
10101010100000000000010101010101
10101010101111111111010101010101
10101010101000000001010101010101
10101010101011111101010101010101
10101010101010000101010101010101
10101010101010100101010101010101
10101010101010111101010101010101
10101010101010000001010101010101
10101010101011111111010101010101
10101010101000000000010101010101
10101010101111111111110101010101
10101010100000000000000101010101
10101010111111111111111101010101
10101010000000000000000001010101
10101011111111111111111111010101
10101000000000000000000000010101
10101111111111111111111111110101
10100000000000000000000000000101
10111111111111111111111111111101
10000000000000000000000000000001
11111111111111111111111111111111

256
00000000
00000000
00000000
00000000
00000000
00000110
00000000
00000000

00110000
00000000
00000000
00000000
00000000
00000000
00000000
00000000

00000000
00000000
00000000
00000000
00000001
00000001
00000000
00000000

00000001
00000001
00000000
00000000
00000000
00000000
00000000
00000000

00000110
00000000
00000000
00000000
00000000
00000000
00000000
00000000

10000000
10000000
00000000
00000000
00000000
00000000
00000000
00000000

00000000
00000010
00000010
00000000
00000000
00000000
00000000
00000000

00000000
00000000
00000000
00000000
00000000
00000000
10000000
10000000

00000000
00000000
00000000
00000000
00000000
00000000
00110000
00000000

00000000
00000000
00000000
00000000
00000000
00000000
01000000
11000000

00000000
00000000
00000000
00000000
10000000
10000000
00000000
00000000

00000000
00000000
00000000
00000000
00000000
00000000
00000000
00000110

00000000
00000000
00000000
00000000
00000000
00000000
00000010
00000110

00000000
00000000
00000000
00000000
00000000
00000000
01000000
11000000

11000000
00000000
00000000
00000000
00000000
00000000
00000000
00000000

00000000
00000000
00000000
00000000
00010000
00010000
00000000
00000000

00000000
00000000
00000100
00000100
00000000
00000000
00000000
00000000

00000000
00000000
00000000
00000000
00000000
00000011
00000000
00000000

00000000
00000000
00000000
00010000
00010000
00000000
00000000
00000000

00000110
00000000
00000000
00000000
00000000
00000000
00000000
00000000

00100000
00100000
00000000
00000000
00000000
00000000
00000000
00000000

00000000
00000000
00000000
00011000
00000000
00000000
00000000
00000000

00000000
00000000
00000000
00000100
00000100
00000000
00000000
00000000

00000000
00000000
00000000
00000001
00000001
00000000
00000000
00000000

01000000
01100000
00000000
00000000
00000000
00000000
00000000
00000000

00000000
10000000
10000000
00000000
00000000
00000000
00000000
00000000

00000000
00000000
00000000
00000000
10000000
10000000
10000000
00000000

00000000
00000000
00000000
00100000
01100000
00000000
00000000
00000000

00000000
00000000
00000000
00000000
00000000
00000000
00000000
00001100

00000000
00000000
00000000
00000000
00000000
00000001
00000001
00000001

00000000
00000000
00000000
00000000
00000000
00000010
00000110
00000000

11000000
01000000
00000000
00000000
00000000
00000000
00000000
00000000

00000000
00000000
00000000
00000000
00110000
00010000
00000000
00000000

00000000
00000000
00000000
00000000
00000000
00000000
01000000
11000000

00000000
01000000
01000000
00000000
00000000
00000000
00000000
00000000

00000000
00000000
00000000
00000000
00000000
00000000
00000000
01110000

00000000
00000000
00000000
00000000
00000000
00000000
00011000
00000000

00000000
00001100
00000000
00000000
00000000
00000000
00000000
00000000

00000000
00000000
00000000
00000000
00000000
00000000
00000000
11000000

00000000
00000011
00000000
00000000
00000000
00000000
00000000
00000000

00000000
00000000
00000000
00000010
00000010
00000000
00000000
00000000

00000000
00000000
00000000
00110000
00100000
00000000
00000000
00000000

00000000
00000000
00000000
00000000
00000000
00100000
00100000
00100000

00001110
00000000
00000000
00000000
00000000
00000000
00000000
00000000

00000000
00000000
00000000
00000000
00000000
00001110
00000000
00000000

00000000
00000000
00000000
00000000
00000000
00000000
00000000
11000000

00000000
00000100
00000100
00000100
00000000
00000000
00000000
00000000

00000000
00000000
00000000
00000000
00000000
00000000
00000001
00000001

00000000
00000000
00000000
00000000
00000000
00011100
00000000
00000000

00000000
00000000
00000000
01000000
01000000
01000000
00000000
00000000

00000000
00000000
00000000
00000010
00000010
00000000
00000000
00000000

00000000
00000000
00000000
00000000
00000000
00000000
00000000
00000110

00000000
00000000
00000000
00000110
00000000
00000000
00000000
00000000

00000000
00000000
00100000
00100000
00000000
00000000
00000000
00000000

00000000
00000000
00001110
00000000
00000000
00000000
00000000
00000000

00000000
00000000
00000000
00000000
00000000
00000000
00000000
00001100

00000000
00000000
00100000
00100000
00000000
00000000
00000000
00000000

00000000
00000000
00000000
00000000
00001100
00000000
00000000
00000000

00000000
00000000
00000000
00000000
00000000
01000000
01000000
00000000

00000000
00000000
00000000
00000000
00000000
00001100
00000000
00000000

00000000
00000011
00000000
00000000
00000000
00000000
00000000
00000000

00000100
00000100
00000100
00000000
00000000
00000000
00000000
00000000

00000000
00000000
00000000
00000000
00000000
00000000
00001000
00011000

00000000
00000000
00000000
01000000
01000000
00000000
00000000
00000000

00000000
00000000
00000000
00000000
00000000
00000000
00000000
11000000

00000000
11100000
00000000
00000000
00000000
00000000
00000000
00000000

00000000
01100000
00000000
00000000
00000000
00000000
00000000
00000000

00000000
11100000
00000000
00000000
00000000
00000000
00000000
00000000

00000000
00000000
00000000
00000100
00000100
00000100
00000000
00000000

00000110
00000000
00000000
00000000
00000000
00000000
00000000
00000000

00000000
00000000
11000000
00000000
00000000
00000000
00000000
00000000

00000000
00000000
00000000
00000000
01100000
00100000
00000000
00000000

00000000
00000000
00000000
00000000
00000000
00000100
00000110
00000000

00000001
00000001
00000000
00000000
00000000
00000000
00000000
00000000

00000000
00000000
00000000
00000000
00000000
01100000
00000000
00000000

00000000
00000000
00000000
00000000
00000001
00000001
00000000
00000000

00000000
00000000
00000000
00000000
00001100
00000100
00000000
00000000

00000000
00001000
00001000
00000000
00000000
00000000
00000000
00000000

00000000
00000000
00000000
00000000
01100000
00000000
00000000
00000000

00000000
00000000
00000000
00000000
00000000
00000000
00000000
11100000

00000000
00000000
00000001
00000011
00000000
00000000
00000000
00000000

00000000
00000000
00000000
00000000
00000000
00010000
00011000
00000000

00000000
00000000
11000000
01000000
00000000
00000000
00000000
00000000

00000000
00000000
00000000
00000000
00001100
00000000
00000000
00000000

00000000
00000000
01000000
01000000
00000000
00000000
00000000
00000000

00000000
00000000
00000000
00110000
00100000
00000000
00000000
00000000

00000000
00000000
00000000
00000000
00000000
00000000
00000000
01100000

00001000
00001000
00001000
00000000
00000000
00000000
00000000
00000000

00000000
00000000
00110000
00000000
00000000
00000000
00000000
00000000

00100000
00110000
00000000
00000000
00000000
00000000
00000000
00000000

00000000
00000000
00000000
00010000
00010000
00000000
00000000
00000000

00000100
00001100
00000000
00000000
00000000
00000000
00000000
00000000

00000000
00000000
00000000
00000000
00000000
00001000
00001000
00000000

00000000
00000000
00000000
00000000
00000000
00000110
00000000
00000000

00000000
00000000
00000000
00000000
01000000
11000000
00000000
00000000

00000000
00000000
00000000
00000000
00010000
00010000
00000000
00000000

00000000
00000000
00000000
00000000
00000000
01000000
01000000
01000000

00000000
00000000
00100000
01100000
00000000
00000000
00000000
00000000

00000000
00000000
00000000
00000000
00110000
00010000
00000000
00000000

00000000
00000000
00000000
00010000
00011000
00000000
00000000
00000000

00100000
00110000
00000000
00000000
00000000
00000000
00000000
00000000

00000000
00000000
01100000
00000000
00000000
00000000
00000000
00000000

00000000
00000000
00000000
00000000
00000000
00000000
00000011
00000000

00000000
00000000
00000000
00000000
00100000
00100000
00000000
00000000

00000000
00000000
00000000
00000000
01000000
01000000
01000000
00000000

00000000
00000000
00001100
00001000
00000000
00000000
00000000
00000000

00000000
00000000
00000100
00001100
00000000
00000000
00000000
00000000

00000000
00000000
00010000
00110000
00000000
00000000
00000000
00000000

00000000
00000000
00000000
00000000
00000010
00000110
00000000
00000000

00000000
00000000
00000000
00000000
01000000
01000000
00000000
00000000

00000110
00000000
00000000
00000000
00000000
00000000
00000000
00000000

00000000
00000000
00000000
00000000
00000000
00000011
00000001
00000000

00000000
01100000
00100000
00000000
00000000
00000000
00000000
00000000

00000000
00000000
00010000
00010000
00000000
00000000
00000000
00000000

00000000
00001000
00001000
00001000
00000000
00000000
00000000
00000000

00000000
00000000
00110000
00010000
00000000
00000000
00000000
00000000

00000000
00000000
00000000
00001100
00000000
00000000
00000000
00000000

00000000
00000000
00000000
00000000
00000000
00000100
00000100
00000100

01100000
00100000
00000000
00000000
00000000
00000000
00000000
00000000

00000000
00000000
00100000
00100000
00100000
00000000
00000000
00000000

11000000
00000000
00000000
00000000
00000000
00000000
00000000
00000000

00000000
00000000
00000000
00100000
00100000
00000000
00000000
00000000

00000000
00000000
00000000
00000000
00000000
00000000
00000000
01100000

00000000
00000000
00000110
00000000
00000000
00000000
00000000
00000000

00000000
00000000
00000000
00000000
00000000
00000000
00000000
00110000

00000000
00000000
00000000
00000000
00000000
00000000
00000011
00000000

00000000
00000000
00000000
00000000
00000000
00011000
00000000
00000000

00000000
00000000
00000000
00000000
00000000
00000010
00000010
00000010

00000000
00000000
00100000
00100000
00000000
00000000
00000000
00000000

00000000
00000000
00000000
00000000
00001100
00001000
00000000
00000000

00000000
00000000
00000000
00011000
00001000
00000000
00000000
00000000

00000000
00000000
00110000
00000000
00000000
00000000
00000000
00000000

00000000
00000000
00000000
00000000
00000000
00001000
00001000
00000000

00000000
00000001
00000001
00000000
00000000
00000000
00000000
00000000

00000000
00000000
00000000
00000000
00000000
00000000
00000100
00000100

00000110
00000010
00000000
00000000
00000000
00000000
00000000
00000000

01000000
11000000
00000000
00000000
00000000
00000000
00000000
00000000

00000000
00000000
00000000
00000000
00000000
00100000
00100000
00000000

00000000
00000110
00000000
00000000
00000000
00000000
00000000
00000000

00000000
00000000
00000000
00000000
00001100
00000000
00000000
00000000

00000000
00000000
00000000
00000000
00000000
00000100
00000100
00000000

00000000
00000011
00000000
00000000
00000000
00000000
00000000
00000000

00000000
00000000
00000000
00000000
00000000
00000000
11000000
00000000

00010000
00010000
00000000
00000000
00000000
00000000
00000000
00000000

00000000
00000001
00000001
00000000
00000000
00000000
00000000
00000000

01100000
00000000
00000000
00000000
00000000
00000000
00000000
00000000

00000000
00000000
00000000
00000000
00000000
00011000
00000000
00000000

00000000
00000000
00000000
00000000
00011000
00010000
00000000
00000000

00000000
00000000
00000000
00000000
00000000
00000000
00010000
00010000

00000000
00000000
00000000
00000000
00000000
00011000
00000000
00000000

00000000
00000000
00001100
00000000
00000000
00000000
00000000
00000000

00000000
00000000
01100000
00000000
00000000
00000000
00000000
00000000

00000000
00000000
01100000
00000000
00000000
00000000
00000000
00000000

00000000
00000000
00000000
00000000
00000000
00010000
00110000
00000000

00000000
00000000
00000000
11000000
00000000
00000000
00000000
00000000

00000000
00000000
00000000
00000000
00000000
00000000
00000011
00000010

00000000
00000000
01000000
11000000
00000000
00000000
00000000
00000000

00000000
00100000
00110000
00000000
00000000
00000000
00000000
00000000

00000000
00010000
00011000
00000000
00000000
00000000
00000000
00000000

00000000
00000000
00000000
11000000
00000000
00000000
00000000
00000000

00000000
00000001
00000001
00000000
00000000
00000000
00000000
00000000

00000000
00000000
00000000
00000000
11100000
00000000
00000000
00000000

00000000
00000000
00000000
00000000
00000000
10000000
10000000
00000000

00000000
00000000
00000000
00000000
00000000
00000000
11000000
00000000

00000100
00001100
00000000
00000000
00000000
00000000
00000000
00000000

00000000
00000000
00000000
00000000
00000000
00000001
00000001
00000000

00000000
00000010
00000010
00000000
00000000
00000000
00000000
00000000

00000000
00000001
00000001
00000000
00000000
00000000
00000000
00000000

00000000
01000000
01000000
00000000
00000000
00000000
00000000
00000000

00000110
00000000
00000000
00000000
00000000
00000000
00000000
00000000

00000000
00000000
00000000
00000000
00000000
00000100
00001100
00000000

00000000
00000000
00000000
00000000
00000000
00001000
00001000
00000000

00000000
00000000
00000000
00000000
00000000
00001000
00011000
00000000

00000000
00000000
00000000
00000000
00000000
00000000
00000000
00000110

01110000
00000000
00000000
00000000
00000000
00000000
00000000
00000000

00000000
00000000
00000000
00011000
00000000
00000000
00000000
00000000

00000000
00000000
00000000
00000000
00000000
00000000
00100000
00100000

00000000
00000001
00000001
00000000
00000000
00000000
00000000
00000000

00000000
00000000
00000000
00000000
00000000
00000000
00000000
01100000

00000000
00000000
00000011
00000001
00000000
00000000
00000000
00000000

00000000
00000000
01110000
00000000
00000000
00000000
00000000
00000000

00000000
00000000
00000000
00000000
00000000
00000000
00000010
00000010

00000000
00000000
00000000
00000000
00000000
00001100
00000000
00000000

00000000
00000000
00000000
00000000
00000000
00000000
00010000
00010000

00000000
00000000
00000000
00000001
00000001
00000000
00000000
00000000

00000000
00000000
00000000
00000000
00000000
00000000
00000000
00000011

01000000
01000000
00000000
00000000
00000000
00000000
00000000
00000000

00000000
00000000
00000000
00000000
00000000
00000000
00001100
00000000

11000000
10000000
00000000
00000000
00000000
00000000
00000000
00000000

00000000
00000000
00000000
10000000
11000000
00000000
00000000
00000000

00000000
00000000
00000000
00000000
00000000
00000000
00000000
00000111

01000000
01000000
00000000
00000000
00000000
00000000
00000000
00000000

00000000
00000000
00000000
00000000
00000000
00110000
00000000
00000000

00000000
00000000
00110000
00000000
00000000
00000000
00000000
00000000

00000000
00000000
00000000
00000000
00000000
00110000
00000000
00000000

00000000
00000000
00000000
00000000
10000000
10000000
00000000
00000000

00000000
00000000
00000000
00000000
00000000
00000000
00000010
00000011

00000000
00000000
00000000
00000000
00000000
00100000
00110000
00000000

00000000
00000000
00000000
00000000
00000000
00000000
00001000
00001100

00000000
00000000
00000000
00000000
00000000
00000011
00000010
00000000

00000000
00000000
11100000
00000000
00000000
00000000
00000000
00000000

00000000
00000000
00000000
00000110
00000000
00000000
00000000
00000000

00000000
00000100
00000100
00000100
00000000
00000000
00000000
00000000

01000000
01000000
00000000
00000000
00000000
00000000
00000000
00000000

00000000
00000000
00000000
00000000
00000100
00000100
00000000
00000000

00000000
00000000
00000000
00000000
00000000
00000000
00000000
11000000

00100000
00100000
00100000
00000000
00000000
00000000
00000000
00000000

00000001
00000001
00000001
00000000
00000000
00000000
00000000
00000000

00000000
00011000
00000000
00000000
00000000
00000000
00000000
00000000

00000000
00000000
00000000
00000000
01110000
00000000
00000000
00000000

00000000
00000000
00000000
00000010
00000010
00000010
00000000
00000000

00000000
00000000
00000000
01100000
00100000
00000000
00000000
00000000

00000000
00000000
00000000
00000000
00000000
00000000
00000100
00000110

00000000
00000000
00000000
00000000
00000000
00000000
01000000
11000000

00000000
00000000
00000000
00000000
00000000
01000000
01000000
01000000

00000000
00000000
00000000
00000000
00000000
00010000
00010000
00000000

00000000
00000000
00000000
00000000
00000001
00000011
00000000
00000000

00000000
00000000
00000000
00000000
11000000
10000000
00000000
00000000

00000110
00000000
00000000
00000000
00000000
00000000
00000000
00000000

00000000
00000000
00000000
00000000
00000000
00001000
00001000
00001000

00000000
00000000
00000000
00000000
00000000
00000000
00000011
00000000

00001100
00000000
00000000
00000000
00000000
00000000
00000000
00000000

00000000
00000000
00000000
00100000
00100000
00000000
00000000
00000000

00000000
00000000
00000000
00000000
00000001
00000001
00000000
00000000

00000000
00000000
00000001
00000001
00000000
00000000
00000000
00000000

11000000
01000000
00000000
00000000
00000000
00000000
00000000
00000000

00000000
00000110
00000000
00000000
00000000
00000000
00000000
00000000

00000000
00000000
00000000
00000000
00000000
00000000
00000000
00000110

00000000
00000000
01100000
00100000
00000000
00000000
00000000
00000000

00000000
00000000
00000000
01100000
00000000
00000000
00000000
00000000

00000000
00000000
00000000
00011000
00000000
00000000
00000000
00000000

00000000
00000000
00000000
11000000
10000000
00000000
00000000
00000000

00010000
00010000
00000000
00000000
00000000
00000000
00000000
00000000

00000000
00000000
00000000
00000000
00000000
00000000
00010000
00011000

00000000
00111000
00000000
00000000
00000000
00000000
00000000
00000000

00000010
00000010
00000000
00000000
00000000
00000000
00000000
00000000

00000000
00001100
00000000
00000000
00000000
00000000
00000000
00000000

00000000
00000000
00000000
00000000
00000000
00000001
00000001
00000000

00000000
10000000
10000000
00000000
00000000
00000000
00000000
00000000

00000000
00000000
00000000
00000000
00000000
00000000
01000000
01000000

00000000
00000000
00000000
00000000
11100000
00000000
00000000
00000000

00000001
00000001
00000000
00000000
00000000
00000000
00000000
00000000

01100000
00000000
00000000
00000000
00000000
00000000
00000000
00000000

00000000
10000000
10000000
00000000
00000000
00000000
00000000
00000000

00000000
00000000
00000000
00000000
00000000
00000011
00000010
00000000

00000000
00000000
00000011
00000010
00000000
00000000
00000000
00000000

00000000
00000000
00000000
00000000
00000000
01000000
01000000
00000000

00111000
00000000
00000000
00000000
00000000
00000000
00000000
00000000

11000000
00000000
00000000
00000000
00000000
00000000
00000000
00000000

00000000
00000000
00000000
00000100
00000100
00000000
00000000
00000000

00000000
00000000
00000000
00000000
00000000
00000000
00011100
00000000

00000000
00000000
00000000
00000000
00110000
00100000
00000000
00000000

00000010
00000010
00000000
00000000
00000000
00000000
00000000
00000000

00000000
00000000
00000010
00000010
00000010
00000000
00000000
00000000

00000000
00100000
00100000
00100000
00000000
00000000
00000000
00000000

00000000
00000000
00000001
00000001
00000000
00000000
00000000
00000000
