11111111111111111111111111111111
10000000000000000000000010000001
10000000000000000000000010000001
10000000000000000000000010000001
10000000000000000000000010000001
10000000000000000000000010000001
10000000000000000000000010000001
11111111111100000000000010000001
10000000000000000000000010000001
10000000000000000000000010000001
10000000000000000000000010000001
10000000000000000000000010000001
10000000000000000000000010000001
10000000000000000000000000000001
10000000000000000000000000000001
10000000000000000000000000000001
10000000000000000000000000000001
10000000000000000000000000000001
10000000000000000000000000000001
10000001000000000000000000000001
10000001000000000000000000000001
10000001000000000000000000000001
10000001000000000000000000000001
10000001000000000000000000000001
10000001000000000001111111111111
10000001000000000000000000000001
10000001000000000000000000000001
10000001000000000000000000000001
10000001000000000000000000000001
10000001000000000000000000000001
10000001000000000000000000000001
11111111111111111111111111111111

88
00000000
00000000
01000000
01000000
01000000
01000000
01000000
01111100

00000000
00000000
00000000
00010000
00011000
00011000
00000000
00000000

00001000
00001000
00001000
00001000
00001000
00000000
00000000
00000000

00000000
00000000
00000000
11110000
11000000
10000000
10000000
11100000

00000000
00000000
11111000
10001000
11100000
11100000
11000000
00000000

00000000
00000000
00010000
11110000
11110000
11110000
00000000
00000000

00000000
00000000
00000000
00000100
00000000
00000000
00000000
00000000

00000000
00000000
00000000
00111111
00000011
00000011
00000011
00000000

00000010
00000010
00000010
00000010
00000010
00000010
00000010
00111110

11110000
00010000
00010000
00011100
00000000
00000000
00000000
00000000

00000000
00000000
00000000
00000000
00111000
00000000
00000000
00000000

01110000
00010000
00010000
00010000
00010000
00010000
00010000
00000000

00000000
00111111
00111111
00000000
00000000
00000000
00000000
00000000

00000000
00100000
00111000
00111000
00001100
01111100
00000000
00000000

00100000
01110000
00100000
00000000
00000000
00000000
00000000
00000000

00000000
00000000
00011110
01110010
01000000
01000000
00000000
00000000

00000000
00011000
00011000
11111000
00000000
00000000
00000000
00000000

00011100
11111100
00001100
00001000
00011000
00010000
00010000
00000000

00000000
00001111
00000001
00000001
00000001
00000001
00000001
00000000

00000000
00000000
00011100
00010000
00110000
00110000
00000000
00000000

00000000
00000000
00000000
00011101
11110101
00000111
00000000
00000000

00000000
00000110
01000110
01000110
01111110
00000000
00000000
00000000

00000000
00111000
00001000
00000000
00000000
00000000
00000000
00000000

00000000
00011000
00011000
00011000
00011000
00011000
00011000
00011000

00000000
00000000
00001111
00001111
00000001
00000001
00000001
00000000

00000000
00000000
00000000
00000001
00001111
00001000
00001000
00111000

10000000
11000000
11000000
11000000
10000000
10000000
10000000
00000000

00000000
00000000
00000000
00100000
00000000
00000000
00000000
00000000

00000000
00010000
11110000
10000000
11000000
01000000
01000000
01000000

00000000
00000000
00111000
00111000
00111000
00000000
00000000
00000000

00000000
00101110
00111010
00000010
00011110
00000000
00000000
00000000

00000000
00111111
01110000
00000000
00000000
00000000
00000000
00000000

00111100
11111110
00011000
00000000
00000000
00000000
00000000
00000000

00000000
10000000
10001000
10001000
11111000
00100000
00100000
00100000

00000000
00000000
11000000
11110000
01110000
01110000
00000000
00000000

00000000
00000000
00000000
00001110
00001000
00001110
00000010
00000010

00110000
00110000
11110000
10000000
11100000
00000000
00000000
00000000

00000010
00000010
00000010
00000110
00111110
00001110
00000000
00000000

00000000
00100000
00100000
00000000
00000000
00000000
00000000
00000000

00000000
00001100
00111100
00001000
00000000
00000000
00000000
00000000

00000000
00000000
00000000
01111000
01000000
01000000
01110000
00000000

11100000
11100000
00100000
00100000
11100000
00000000
00000000
00000000

00001000
00001000
00001000
00001000
00001111
00001100
00000000
00000000

00000000
00000000
00111000
00101000
00101000
00001000
00001000
01111000

00000000
00000000
00000000
00100000
00101000
00101000
00111000
00111000

01100000
00100000
00100000
01100000
01000000
01110000
00010000
00010000

00000000
01111000
00001000
00001000
00000000
00000000
00000000
00000000

00000000
01110000
00010000
00010000
00010000
00111110
00000000
00000000

00000000
00000000
00000000
00000100
00111110
00000111
00000111
00000000

00000000
00000000
00000000
01111111
00010001
00010000
00011100
00000000

00100000
00100000
00110000
00011000
00001111
00000111
00000000
00000000

00000000
01111010
00011110
00010000
00010000
00000000
00000000
00000000

00000000
00000000
00000000
00100000
00111000
00000000
00000000
00000000

00100000
00110000
01110000
01111000
11111000
00100000
00000000
00000000

00100000
00100000
00110000
00010000
11110000
01110000
01110000
00010000

00000000
01111000
00000000
00000000
00000000
00000000
00000000
00000000

00000000
00000100
01000100
01000100
01111100
00000000
00000000
00000000

00111000
00111000
00000000
00000000
00000000
00000000
00000000
00000000

00000000
00000000
01111111
11000001
10000000
00000000
00000000
00000000

00001100
00001100
00001100
00001101
00001101
00001111
00000000
00000000

00000000
00000000
00000000
00010000
00010000
00010111
00010100
00011111

00000000
00000000
11000000
10000000
10000000
00000000
00000000
00000000

00000000
00001100
00000110
00000010
00111110
00000100
00000100
00000000

00000000
00000000
00000110
00000100
00011100
00011100
00000000
00000000

00000110
00011110
00011110
00000010
00111110
00000000
00000000
00000000

00000000
00000000
00000000
00110010
00110010
11111111
00000000
00000000

00000000
01111110
01100110
01100110
00000000
00000000
00000000
00000000

00000000
00000000
00000000
01110000
11011100
00001100
00000000
00000000

00000000
00000000
11111000
10011000
10001000
11100000
00000000
00000000

00000000
00000000
00000000
00000000
11111111
11110000
00010000
00010000

11110000
11110000
00010000
00010000
01110000
00000000
00000000
00000000

00000000
00000000
00011100
00010000
00011100
00000000
00000000
00000000

00000000
00000000
00000000
00011110
00011110
00010000
00011110
00000000

00000000
00010000
00010000
11110000
00011111
00000010
00000000
00000000

00000000
00000010
00000010
00000110
00111100
00111110
00000010
00000110

00000000
00110000
00010000
00010000
00010000
11110000
11000000
01100000

11000000
01000000
11000000
11110000
11111100
00000000
00000000
00000000

00000000
00000000
00001000
00001000
00101100
00111100
00111100
00001100

00000000
00000000
00100000
00100000
00100000
00100000
00100000
00000000

00000000
00000001
00001111
00001111
00001101
00001101
00000100
00000000

00000000
01100000
01100000
00100000
00100000
00110000
00011100
00000000

00000000
00000000
00001110
00001100
00001100
00111100
00000000
00000000

00000000
11111100
10000000
10000000
10000000
10000000
10000000
10000000

00000000
00000000
00000000
00100000
00000000
00000000
00000000
00000000

00000000
00000000
00000000
00000000
00000000
00011111
00011111
00011000

01111000
01011000
01011110
00000010
00000000
00000000
00000000
00000000

00000000
00000110
00000110
00010110
00010010
00011010
00001110
00000000

00000000
00000000
00000000
00000000
00000000
00100000
00110000
00010000
