00000000000000000000000000000000
00000000000000000000000000000000
00000000000000000000011110000011
00000000011110000000011110000000
00000000011110000000011110000000
00000000011110000000011110000000
00000000011111111000011110000011
00000000011111111000011110000000
00000000011111111000011110000000
00000000011111111000011110000000
00000000011111111111111110000011
00000000011111111111111111111000
00000000011111111111111111111000
00000000011111111111111111111000
00000000011111111111111111111011
00000111111111111111111111111000
00000111111111111111111111111000
00000111111111111111111111111000
00000111111111111111111111111011
00000111111111111111111111111000
00000111111111111111111111111000
00000111111111111111111111111000
00000111111111111111111111111011
00000111111111111111111111111000
00000111111111111111111111111000
00000111111111111111111111111000
00000111111111111111111111111011
01111111111111111111111111111000
01111111111111111111111111111000
01111111111111111111111111111000
01111111111111111111111111111011
00000000000000000000000000000000

60
00000000
00000000
00000000
01000000
01000000
01000000
01000000
01000000

00000000
00000000
00000000
01000000
01000000
01000000
01000000
01000000

00000000
00000000
00000000
00010000
00010000
00010000
00010000
00000000

00000000
00000000
00000000
00010000
00010000
00010000
00010000
00000000

00000000
00000000
00000000
00010000
00010000
00010000
00010000
00000000

00000000
00000000
00000000
00010000
00010000
00010000
00010000
00000000

00000000
00000000
00000000
00010000
00010000
00010000
00010000
00000000

00000000
00000000
00000000
00010000
00010000
00010000
00010000
00000000

00000000
00000000
00000000
00010000
00010000
00010000
00010000
00000000

00000000
00000000
00000111
00000100
00000111
00000000
00000000
00000000

00000000
00000000
00000000
00000000
00000111
00000000
00000000
00000000

00000111
00000001
00000111
00000000
00000000
00000000
00000000
00000000

00000000
00000000
00111000
00000000
00000000
00000000
00000000
00000000

00000000
00000000
00111000
00101000
00101000
00000000
00000000
00000000

00000000
00000000
00111000
00000000
00000000
00000000
00000000
00000000

00000000
00000000
00000111
00000100
00000111
00000000
00000000
00000000

00000000
00000000
00000000
00000111
00000111
00000000
00000000
00000000

00000000
00000000
00000000
00000111
00000100
00000000
00000000
00000000

00000000
00000000
00000000
00000111
00000111
00000000
00000000
00000000

00000000
00000000
00000000
00000111
00000100
00000000
00000000
00000000

00000000
00000000
00000000
00000111
00000000
00000000
00000000
00000000

00000000
00000000
00000000
00000111
00000100
00000111
00000000
00000000

00000000
00000000
00000000
00000000
00000000
00000111
00000000
00000000

00000000
00000000
00000000
00000000
00000100
00000111
00000000
00000000

00000000
00000000
00000000
00000000
00000111
00000111
00000000
00000000

00000000
00000000
00001111
00001111
00001111
00001111
00000000
00000000

00000000
00000000
00001111
00001111
00001111
00001111
00000000
00000000

00000000
00000000
00000000
00000000
00000000
00001111
00000000
00000000

00000000
00000000
00001111
00000000
00000000
00000000
00000000
00000000

00000000
00000000
00000000
00001111
00000000
00000000
00000000
00000000

00000000
00000000
00000000
00001111
00000000
00000000
00000000
00000000

00000000
00000000
00000000
00001111
00000000
00000000
00000000
00000000

00000000
00000000
00000000
00001111
00001111
00001111
00001111
00000000

00000000
00000000
00000000
00001111
00001111
00001111
00001111
00000000

00000000
00000000
00000000
00001111
00000000
00000000
00000000
00000000

00000000
00000000
00000000
00001111
00000000
00000000
00000000
00000000

00000000
00000000
00000000
00001111
00000000
00000000
00000000
00000000

00000000
00000000
00000000
00001111
00000000
00000000
00000000
00000000

00000000
00000000
00000000
00001111
00001111
00001111
00001111
00000000

00000000
00000000
00000000
00001111
00000000
00000000
00000000
00000000

00000000
00000000
00000000
00001111
00000000
00000000
00000000
00000000

00000000
00000000
00000000
00001111
00000000
00000000
00000000
00000000

00000000
00000000
00000000
00001111
00000000
00000000
00000000
00000000

00000000
00000000
00000000
00001111
00001111
00001111
00001111
00000000

00000000
00000000
00000000
00001111
00001111
00001111
00001111
00000000

00000000
00000000
00000000
00001111
00001111
00001111
00001111
00000000

00000000
00000000
00000000
00001111
00000000
00000000
00000000
00000000

00000000
00000000
00000000
00001111
00000000
00000000
00000000
00000000

00000000
00000000
00000000
00011111
00010000
00010000
00010000
00010000

00000000
00000000
00000000
00001111
00001111
00001111
00001111
00000000

00000000
00000000
00000000
00011111
00010000
00010000
00010000
00010000

00000000
00000000
00000000
00001111
00001111
00001111
00001111
00000000

00000000
00000000
00000000
00011111
00010000
00010000
00010000
00010000

00000000
00000000
00000000
00001111
00001111
00001111
00001111
00000000

00000000
00000000
00000000
00011111
00010000
00010000
00010000
00010000

00000000
00000000
00000000
00001111
00001111
00001111
00001111
00000000

00000000
00000000
00000000
00011111
00010000
00010000
00010000
00010000

00000000
00000000
00000000
00001111
00001111
00001111
00001111
00000000

00000000
00000000
00000000
00011111
00000000
00000000
00000000
00000000

00000000
00000000
00000000
00011111
00000000
00000000
00000000
00000000
